0.1599	0.0160	0.9975	0.0012	0.4607	0.9954	0.9033	0.9991	ch.10010
0.0376	0.9997	0.7961	0.9914	1.0000	0.0056	0.0063	0.9880	ch.10019
0.0755	0.9999	0.9967	0.9855	0.0005	0.9991	0.0019	0.0292	ch.10051
0.1750	0.9996	0.4321	0.0041	0.9958	0.0169	0.0065	0.0103	ch.10088
0.0161	0.9320	0.0112	0.9950	0.9289	0.0024	0.2051	0.9920	ch.10092
0.0000	0.3241	0.1240	0.5083	0.5524	0.5341	0.3546	0.3010	ch.10164
0.4741	0.6296	0.9992	0.9921	0.9982	0.0291	0.0551	0.9970	ch.10192
0.1066	0.9952	0.9968	0.9880	0.9888	0.1664	0.9992	0.0027	ch.10197
0.0000	0.0533	0.2974	0.7147	0.1147	0.3590	0.1545	0.0678	ch.10287
0.0000	0.7683	0.3885	0.5182	0.7516	0.0191	0.9042	0.9427	ch.10288
0.0000	0.7510	0.4956	0.6059	0.1761	0.1996	0.7852	0.9322	ch.10289
0.0042	0.0092	0.5426	0.6749	0.3537	0.8214	0.7089	0.7680	ch.10292
0.0000	0.3235	0.8610	0.6206	0.0666	0.7219	0.6878	0.7201	ch.10293
0.0348	0.4966	0.0042	0.9988	0.9846	0.9960	0.0013	0.9934	ch.10295
0.0064	0.9956	0.2018	0.9964	0.7520	0.0122	0.0007	0.1215	ch.10369
0.1193	0.9967	0.1279	0.9993	0.9953	0.0018	0.9966	0.8970	ch.10372
0.1673	0.9989	0.9964	0.0049	0.9939	0.9988	0.0003	0.9547	ch.10379
0.7728	0.9980	0.9971	0.2267	0.0009	0.9964	0.9999	0.0187	ch.10394
0.1501	0.9856	0.3610	0.7187	0.8499	0.9947	0.0063	0.9979	ch.10399
0.1363	0.9998	0.6425	0.1622	0.9995	0.0083	0.9966	0.0068	ch.10443
0.2414	0.9979	0.0398	0.9983	0.9976	0.1936	0.3115	0.9987	ch.10444
0.0000	0.1758	0.9417	0.2430	0.6223	0.4928	0.1719	0.2647	ch.10462
0.0025	0.9983	0.9910	0.8713	0.2763	0.7130	0.9927	0.0002	ch.10463
0.2688	0.9935	0.1317	0.0017	0.9954	0.0039	0.9975	0.0007	ch.10499
0.6538	0.9999	0.9954	0.0032	0.3628	0.9894	0.9999	0.0208	ch.10525
0.1460	0.9978	0.9938	0.3873	0.9983	0.9955	0.0032	0.1093	ch.1053
0.7087	0.0014	0.0003	0.0020	0.9936	0.0013	0.0034	0.9933	ch.10589
0.6811	0.9985	0.8786	0.9965	0.1424	0.9982	0.9925	0.0000	ch.10638
0.1211	0.9984	0.9986	0.9975	0.9989	0.9912	0.9997	0.0016	ch.10645
0.7551	0.0048	0.9780	0.9997	0.0031	0.0001	0.9949	0.9989	ch.1065
0.0320	0.9947	0.9744	0.9988	0.9960	0.9829	0.9952	0.9976	ch.10661
0.0001	0.2903	0.6822	0.7084	0.4751	0.3503	0.7014	0.1695	ch.10662
0.0000	0.7936	0.1770	0.7909	0.7169	0.2638	0.2304	0.9289	ch.10666
0.1459	0.0967	0.9125	0.9787	0.0596	0.0658	0.0607	0.4004	ch.10681
0.2944	0.6863	0.0006	0.9982	0.0275	0.0085	0.9927	0.9964	ch.10682
0.2596	0.3798	0.9932	0.7671	0.9671	0.9864	0.9971	0.0487	ch.10684
0.0994	0.0070	0.9331	0.9857	0.0001	0.9923	0.9749	0.4826	ch.10685
0.0001	0.3789	0.4145	0.9481	0.1122	0.8821	0.9147	0.7434	ch.10720
0.0083	0.5069	0.9416	0.8226	0.8069	0.2630	0.0678	0.1087	ch.10725
0.3620	0.9995	0.5462	0.9933	0.9920	0.0088	0.4090	0.9967	ch.1072
0.4785	0.5047	0.9988	0.1002	0.0007	0.9969	0.0005	0.9946	ch.10737
0.0238	0.3214	0.5768	0.3313	0.7511	0.2797	0.4394	0.4862	ch.10739
0.0024	0.0771	0.8605	0.8362	0.7443	0.3119	0.6715	0.5596	ch.10749
0.3661	0.9887	0.5317	0.9959	0.9882	0.0016	0.4423	0.9975	ch.1074
0.0000	0.8836	0.6625	0.0333	0.6818	0.4705	0.8610	0.1112	ch.10752
0.0000	0.3553	0.9406	0.7266	0.1007	0.6058	0.7049	0.3349	ch.10758
0.2044	0.9996	0.9961	0.9999	0.9957	0.0011	0.0040	0.0017	ch.10767
0.0083	0.0048	0.9990	0.9902	0.1385	0.0042	0.0050	0.9892	ch.1076
0.8425	0.0030	0.0298	0.6543	0.0034	0.0033	0.9991	0.0707	ch.10774
0.3063	0.9962	0.9959	0.2348	0.0076	0.9972	0.9982	0.9955	ch.1078
0.0287	0.9993	0.0135	0.7298	0.0091	0.0027	0.2332	0.9907	ch.10806
0.1619	0.9994	0.9888	0.0038	0.9963	0.4990	0.0053	0.9834	ch.10821
0.0003	0.0689	0.9062	0.9952	0.0052	0.2142	0.2218	0.1431	ch.10847
0.5980	0.1445	0.9793	0.0014	0.9987	0.0003	0.0035	0.9972	ch.10906
0.0024	0.0163	0.1527	0.9025	0.8876	0.0610	0.0081	0.7380	ch.10908
0.9565	0.0011	0.8953	0.0002	0.0014	0.9977	0.0052	0.3113	ch.10924
1.4425	0.0040	0.9989	0.0023	0.1440	0.0090	0.9982	0.9948	ch.10937
0.0000	0.8001	0.7135	0.1025	0.3158	0.0249	0.0689	0.0272	ch.10955
0.0000	0.8117	0.3929	0.3318	0.9766	0.1380	0.1800	0.3057	ch.10958
0.0000	0.3406	0.0279	0.9487	0.7895	0.1742	0.9403	0.5002	ch.10976
0.0833	0.9975	0.0363	0.9928	0.4173	0.2273	0.0041	0.2210	ch.10986
0.0001	0.0143	0.6129	0.9336	0.9553	0.0080	0.0412	0.9956	ch.10992
0.0016	0.2913	0.2575	0.9781	0.8756	0.3700	0.9806	0.4222	ch.10993
0.3121	0.9983	0.9925	0.9967	0.0077	0.0027	0.9902	0.5890	ch.1101
0.1652	0.9977	0.9910	0.9961	0.9943	0.9992	0.9937	0.0427	ch.11023
1.5062	0.8473	0.3679	0.9991	0.0833	0.6336	0.0018	0.9900	ch.11056
0.3545	0.9990	0.9997	0.9982	0.9991	0.9806	0.0018	0.0168	ch.11063
0.0532	0.0037	0.9996	0.9985	0.2217	0.3486	0.0002	0.9976	ch.11163
0.0160	0.9993	0.5074	0.9958	0.0035	0.0017	0.0026	0.0690	ch.11169
0.0004	0.2107	0.4961	0.2332	0.5942	0.4441	0.3574	0.0708	ch.11171
0.0000	0.6373	0.9959	0.4247	0.7974	0.5281	0.5472	0.2446	ch.11189
0.0175	0.9987	0.5906	0.9941	0.0112	0.0006	0.9966	0.9435	ch.11191
0.1369	0.9995	0.7178	0.0532	0.9978	0.9948	0.0015	0.2150	ch.11228
0.0003	0.6803	0.9988	0.9998	0.0005	0.0057	0.9982	0.4173	ch.11235
0.0762	0.9903	0.9960	0.9957	0.0004	0.0094	0.0012	0.9693	ch.11249
0.1604	0.0038	0.9801	0.9982	0.8747	0.0065	0.9983	0.9856	ch.11262
0.0924	0.9928	0.2906	0.6309	1.0000	0.9969	0.9696	0.0273	ch.11314
0.0548	0.4221	0.0038	0.9891	0.9988	0.9984	0.0194	0.9982	ch.11321
0.0981	0.9963	0.9938	0.8471	0.0025	0.9939	0.9892	0.0003	ch.11330
0.5462	0.9711	0.6892	0.2271	0.0616	0.5192	0.6133	0.6309	ch.11331
0.0205	0.9913	0.9295	0.9978	0.9989	0.9942	0.9948	0.9866	ch.11346
0.0346	0.9930	0.9990	0.1011	0.9990	0.9983	0.9980	0.0005	ch.11357
0.0059	0.9987	0.8424	0.9961	0.0101	0.0018	0.0159	0.8498	ch.11381
1.3286	0.0022	0.2835	0.9977	0.0001	0.9922	0.1617	0.3492	ch.11420
0.0000	0.1975	0.1283	0.4175	0.7274	0.7645	0.9738	0.1588	ch.11426
0.1120	0.9942	0.9900	0.9978	0.9978	0.0001	0.0120	0.9968	ch.11435
0.1909	0.9938	0.9996	0.0038	0.2283	0.0134	0.7102	0.9914	ch.11482
0.9413	0.4444	0.9970	0.0382	0.9963	0.9928	0.9926	0.0042	ch.11535
0.0018	0.0227	0.0911	0.0003	0.4498	0.0182	0.0501	0.9994	ch.11573
0.0410	0.0024	0.1821	0.0084	0.4404	0.0009	0.0293	0.9692	ch.11578
0.0181	0.9904	0.9995	0.9992	0.9942	0.0121	0.9924	0.2021	ch.1157
0.1809	0.8237	0.9958	0.0023	0.9975	0.0045	0.0109	0.9988	ch.1158
0.0052	0.9920	0.9986	0.9939	0.9970	0.0007	0.9805	0.9939	ch.11629
0.1754	0.9978	0.9990	0.9983	0.9978	0.9962	0.9945	0.9818	ch.1162
0.3845	0.9986	0.9997	0.0025	0.7312	0.0044	0.9962	0.5772	ch.11635
0.0021	0.5973	0.9293	0.6434	0.4305	0.0627	0.1877	0.0060	ch.11656
0.0005	0.9489	0.8309	0.5293	0.7274	0.5227	0.8164	0.7200	ch.11657
0.0331	0.8530	0.6237	0.6612	0.8307	0.9954	0.0106	0.9998	ch.11661
0.0979	0.9971	0.9967	0.9988	0.9998	0.0707	0.0018	0.0078	ch.11706
0.1517	0.9966	0.9936	0.9986	0.4836	0.0008	0.9607	0.9980	ch.1172
0.0000	0.1767	0.9338	0.4753	0.8820	0.9590	0.7416	0.3801	ch.11738
0.0213	0.9652	0.1387	0.4230	0.9788	0.0825	0.7229	0.9219	ch.11739
0.3899	0.3890	0.0042	0.0042	0.9853	0.0001	0.0165	0.9874	ch.11757
0.0000	0.6984	0.9432	0.8005	0.8376	0.6505	0.7908	0.1530	ch.11768
0.0000	0.4826	0.4224	0.9425	0.0653	0.9185	0.9262	0.6580	ch.11769
0.0000	0.4211	0.6521	0.0848	0.4540	0.0307	0.5139	0.4021	ch.11770
0.0000	0.2957	0.2528	0.9429	0.9686	0.0983	0.3593	0.0308	ch.11773
0.0583	0.9995	0.9985	0.9999	0.0001	0.9963	0.9965	0.0040	ch.11796
0.0000	0.3548	0.9994	0.9973	0.0030	0.9942	0.0171	0.1119	ch.1184
0.0672	0.9988	0.1680	0.9976	0.0024	0.0280	0.9941	0.9984	ch.1187
0.1660	0.9813	0.5479	0.0068	0.9987	0.9977	0.0014	0.7806	ch.11881
0.0000	0.7365	0.3636	0.3389	0.7830	0.7435	0.5139	0.3333	ch.11905
0.1865	0.7272	0.0028	0.9988	0.0078	0.0034	0.0002	0.9955	ch.11936
0.1747	0.6473	0.0964	0.9996	0.0142	0.0002	0.0038	0.9968	ch.11939
0.0129	0.9731	0.2203	0.9532	0.5910	0.8584	0.9696	0.0428	ch.11940
0.0710	0.9977	0.9988	0.9983	0.9997	0.2572	0.0006	0.0289	ch.11959
0.0091	0.9995	0.9902	0.9963	0.0002	0.9991	0.9981	0.5065	ch.1200
0.0002	0.1732	0.5354	0.6043	0.8458	0.0348	0.4235	0.0318	ch.1201
0.0289	0.9918	0.2338	0.9996	0.0037	0.0142	0.0020	0.5441	ch.1205
0.0099	0.9689	0.5115	0.4095	0.2714	0.9888	0.9918	0.8670	ch.12125
0.0075	1.0000	0.9989	0.9949	0.7850	0.9945	0.9977	0.7923	ch.12210
0.2154	0.0015	0.9967	0.9946	0.9975	0.9998	0.0010	0.0046	ch.12211
0.0040	0.7906	0.3313	0.3837	0.9728	0.9201	0.5971	0.8805	ch.12261
0.0231	0.6467	0.5038	0.6075	0.8976	0.0192	0.9296	0.3832	ch.12272
0.2902	0.5666	0.9926	0.9973	0.6600	0.0014	0.0021	0.9995	ch.1227
0.8306	0.0054	0.9937	0.9990	0.0684	0.9947	0.0107	0.9915	ch.12293
0.0003	0.4762	0.6773	0.7426	0.9730	0.0683	0.9493	0.3279	ch.12308
0.1308	0.0030	0.9899	0.9884	0.9968	0.0076	0.9990	0.5861	ch.1240
0.0975	0.9990	0.9970	0.7917	0.0080	0.9997	0.9966	0.0012	ch.12411
0.0430	0.9989	0.9997	0.0005	0.9990	0.9984	0.9977	0.5914	ch.1242
0.0333	0.7782	0.5186	0.9272	0.3762	0.4828	0.0093	0.6697	ch.12430
0.0125	0.9699	0.7385	0.9679	0.2051	0.3171	0.9981	0.8383	ch.1250
0.0567	0.9997	0.9997	0.9929	0.0004	0.0036	0.9982	0.6135	ch.12554
0.1013	0.5099	0.7416	0.8775	0.8980	0.3376	0.2178	0.5358	ch.12555
0.0000	0.8697	0.9873	0.5171	0.4043	0.2397	0.8715	0.8514	ch.12583
0.0000	0.9214	0.0910	0.2924	0.6087	0.6707	0.2358	0.0644	ch.12589
0.0002	0.6654	0.1052	0.1644	0.7215	0.2043	0.7152	0.9870	ch.12592
0.1698	0.3882	0.3694	0.9904	0.3880	0.0046	0.0066	0.9999	ch.12646
0.3270	0.9974	0.6982	0.0023	0.0218	0.9961	0.9999	0.0870	ch.12653
0.2772	0.0017	0.0781	0.9977	0.8130	0.0019	0.9670	0.9952	ch.12718
0.4258	0.0056	0.0014	0.9926	0.9602	0.0014	0.0103	0.9985	ch.12740
0.0000	0.8064	0.3011	0.9950	0.7206	0.9112	0.6342	0.8092	ch.12741
0.0000	0.8943	0.7154	0.2996	0.8800	0.3638	0.2300	0.6940	ch.12743
0.1378	0.9994	0.9951	0.0024	0.2734	0.0021	0.9969	0.0120	ch.1274
0.0383	0.9935	0.0786	0.9995	1.0000	0.0009	0.9979	0.9432	ch.12756
0.0191	0.9984	0.0041	0.2552	0.3879	0.9798	0.9986	0.9482	ch.12772
0.0203	0.9987	0.9998	0.9999	0.9979	0.0005	0.9911	0.9939	ch.12775
0.0000	0.8393	0.2280	0.4505	0.4982	0.3196	0.8718	0.6249	ch.12789
0.4935	0.5904	0.9961	0.9980	0.0042	0.9970	0.0019	0.2853	ch.12830
0.0044	0.8823	0.9989	0.0015	0.0015	0.9947	0.0045	0.7707	ch.12854
0.1475	0.0334	0.1828	0.0094	0.4030	0.0010	0.0555	0.9900	ch.12871
0.7627	0.7715	0.3721	0.9993	0.9949	0.0018	0.0049	0.9980	ch.12961
0.9815	0.7372	0.6675	0.9998	0.9933	0.0123	0.0023	0.9779	ch.12962
1.0103	0.9987	0.9942	0.9967	0.9992	0.0044	0.0003	0.9971	ch.12965
0.7784	0.7439	0.3800	0.9989	0.9995	0.0052	0.0017	0.9912	ch.12966
0.0441	0.9974	0.9498	0.9989	0.0002	0.0030	0.0075	0.6523	ch.13039
0.0000	0.9907	0.5722	0.9511	0.7736	0.5379	0.3397	0.5665	ch.13058
0.0325	0.7505	0.6532	0.9942	0.0242	0.0107	0.0239	0.9928	ch.13075
0.0023	0.8774	0.2252	0.9213	0.0431	0.2554	0.9548	0.2527	ch.1316
0.0118	0.9933	0.9974	0.7068	0.9299	0.9986	0.9906	0.5409	ch.13172
0.0000	0.4193	0.8591	0.1338	0.0799	0.2844	0.6321	0.4613	ch.13197
0.0000	0.6125	0.0855	0.4705	0.6148	0.1070	0.0940	0.8031	ch.13206
0.0000	0.2673	0.0182	0.2853	0.6427	0.0510	0.2825	0.1113	ch.13213
0.1143	0.9354	0.3057	0.9966	0.1325	0.0086	0.0025	0.9843	ch.13216
0.0022	0.7457	0.1245	0.9726	0.0663	0.0299	0.0284	0.8179	ch.13253
0.4760	0.0001	0.9906	0.4604	0.0057	0.0011	0.0005	0.9908	ch.13277
0.6699	0.3758	0.9236	0.0880	0.3253	0.3174	0.9207	0.8069	ch.13301
0.0142	0.9983	0.9936	0.9980	0.0656	0.9913	0.2311	0.0124	ch.13339
0.2269	0.9935	0.9998	0.0032	0.3472	0.9989	0.9975	0.0005	ch.13352
0.0087	0.9987	0.2888	0.9994	0.0014	0.0059	0.9968	0.1725	ch.13394
0.0242	0.9980	0.9978	0.7423	0.9983	0.9995	0.0043	0.9905	ch.13395
0.0227	0.9992	0.9824	0.9982	0.9977	0.9998	0.0166	0.9793	ch.13396
0.0043	0.9988	0.6696	0.5346	0.9936	0.8390	0.0031	0.9864	ch.13397
0.0064	0.9956	0.8133	0.9857	0.9924	0.9909	0.0023	0.0050	ch.13398
0.0313	0.9940	0.4277	0.9978	0.9993	0.9921	0.0003	0.7812	ch.13399
0.1401	0.9928	0.9987	0.0103	0.9992	0.0009	0.9979	0.0130	ch.1340
0.0110	0.9993	0.9557	0.9980	0.4836	0.0164	0.9997	0.1402	ch.1342
0.0000	0.2274	0.9965	0.0046	0.9967	0.9977	0.0687	0.9988	ch.13484
0.8071	0.6786	0.0001	0.9935	0.5818	0.0133	0.0004	0.9974	ch.13506
0.0000	0.7786	0.7012	0.4601	0.2775	0.8586	0.6367	0.3993	ch.13507
0.0000	0.4261	0.1196	0.2705	0.1100	0.1989	0.9397	0.1507	ch.13508
0.0000	0.3670	0.3546	0.5854	0.4746	0.8233	0.7640	0.7998	ch.13511
0.0524	0.9953	0.4654	0.0010	0.9849	0.9930	0.0004	0.1489	ch.13513
0.0120	0.9951	0.0051	0.9968	0.9980	0.0006	0.0004	0.9996	ch.13514
1.1463	0.9997	0.1721	0.0198	0.0031	0.0007	0.9962	0.1616	ch.13526
0.0000	0.4689	0.6499	0.5322	0.5393	0.9904	0.7001	0.3016	ch.13542
0.1888	0.0832	0.5203	0.0016	0.9938	0.0064	0.0017	0.4741	ch.13549
0.1019	0.0056	0.9855	0.8958	0.9996	0.9970	0.0001	0.1538	ch.13574
0.0000	0.3800	0.8587	0.1538	0.9167	0.8245	0.8388	0.7512	ch.13575
0.0000	0.4031	0.5644	0.2038	0.7489	0.0439	0.6274	0.3083	ch.13599
0.0050	0.9963	0.7470	0.5197	0.9954	0.9987	0.9990	0.0020	ch.13612
0.0024	0.9923	0.9999	0.0127	0.9964	0.9895	0.9977	0.7421	ch.13614
0.0001	0.9604	0.1993	0.9434	0.9681	0.9977	0.9386	0.9965	ch.13615
0.0000	0.2394	0.1207	0.6339	0.9046	0.2475	0.3688	0.0271	ch.13622
0.0012	0.9688	0.5832	0.5294	0.0143	0.7918	0.9910	0.1514	ch.13644
0.1053	0.5098	0.0919	0.9983	0.9950	0.0030	0.0008	0.9997	ch.13655
0.0000	0.2890	0.2676	0.9164	0.3845	0.1355	0.1428	0.9555	ch.13675
0.0000	0.1625	0.9991	0.9555	0.2047	0.1753	0.6890	0.9489	ch.13709
0.1109	0.9989	0.9933	0.8844	0.8525	0.9883	0.9886	0.0056	ch.1373
0.0665	0.0093	0.9352	0.9984	0.0933	0.0007	0.0076	0.9870	ch.13776
0.0009	0.1336	0.9092	0.7753	0.9267	0.7575	0.0698	0.9624	ch.13786
0.0000	0.3984	0.0241	0.9251	0.6432	0.5113	0.7988	0.8601	ch.13805
0.6997	0.0005	0.9923	0.0108	0.5157	0.0013	0.0015	0.9921	ch.1381
0.0000	0.3359	0.9068	0.9812	0.2132	0.0693	0.9241	0.5274	ch.13820
0.0571	0.9895	0.0045	0.9992	0.9953	0.0032	0.0046	0.9967	ch.13865
0.5515	0.0009	0.4472	0.9954	0.4935	0.0048	0.0008	0.9976	ch.13873
0.0133	0.0158	0.9935	0.9420	0.5910	0.0010	0.0068	0.9887	ch.1388
0.1535	0.9958	0.0223	0.0043	0.9936	0.0069	0.9950	0.0033	ch.13942
0.2415	0.9992	0.5939	0.9975	0.0018	0.0044	0.9975	0.9966	ch.13952
0.0023	0.2310	0.0405	0.8029	0.9173	0.4911	0.0286	0.1630	ch.13953
0.0096	0.0670	0.5481	0.7715	0.1090	0.0015	0.0422	0.9623	ch.13973
0.5947	0.5357	0.9907	0.0005	0.9961	0.0041	0.0018	0.9993	ch.13981
0.7705	0.2784	0.0096	0.9974	0.6467	0.0002	0.6382	0.9837	ch.14005
0.0065	0.9808	0.4463	0.9900	0.3965	0.9030	0.4808	0.6537	ch.14036
0.6097	0.9978	0.9990	0.0023	0.3600	0.9955	0.0015	0.0151	ch.14037
0.0577	0.0028	0.9963	0.9973	0.1407	0.0063	0.0056	0.9970	ch.14052
0.0209	0.9995	0.9998	0.9990	0.9922	0.0082	0.0039	0.3388	ch.14064
0.1057	0.9972	0.9992	0.2338	0.0005	0.0082	0.9917	0.9903	ch.14065
1.0869	0.9983	0.2937	0.9976	0.6691	0.9917	0.0003	0.2829	ch.14071
0.0007	0.5758	0.1714	0.8893	0.2824	0.6051	0.2015	0.3622	ch.14110
1.0014	0.9720	0.3068	0.9211	0.6030	0.0048	0.0026	0.9911	ch.1411
0.0062	0.9977	0.1639	0.9882	0.0075	0.0123	0.9961	0.2992	ch.14142
0.0045	0.3579	0.9584	0.5284	0.1702	0.9053	0.0076	0.6189	ch.14169
0.1114	0.8860	0.9991	0.9858	0.2621	0.0033	0.0041	0.9873	ch.1416
0.1487	0.9999	0.9990	0.9938	0.5245	0.9871	0.0057	0.9936	ch.1420
0.0013	0.7686	0.0679	0.2400	0.3936	0.9660	0.5146	0.0775	ch.14214
0.0842	0.0066	0.9392	0.9942	0.9987	0.9994	0.0015	0.5698	ch.14215
1.3820	0.0018	0.9998	0.0015	0.4096	0.9996	0.9953	0.0063	ch.14216
0.0009	0.8038	0.8747	0.7891	0.5501	0.8343	0.8131	0.1258	ch.14219
0.0007	0.4506	0.9859	0.9595	0.3387	0.7879	0.6318	0.3286	ch.14227
0.3981	0.9992	0.8074	0.0019	0.5121	0.9998	0.0019	0.1021	ch.1423
0.0014	0.0204	0.0202	0.7160	0.0039	0.0073	0.0151	0.9908	ch.1425
0.3818	0.0027	0.5661	0.9995	0.9901	0.9892	0.0031	0.1131	ch.14262
0.0368	0.9978	0.8216	0.4755	0.9996	0.9969	0.0009	0.6895	ch.14264
0.0419	0.9974	0.1147	0.9588	0.4876	0.0144	0.2316	0.7467	ch.14276
0.0518	0.3674	0.9853	0.1300	0.3971	0.7249	0.1309	0.0747	ch.1428
0.0276	0.9917	0.9975	0.9972	0.9991	0.0002	0.0007	0.6344	ch.14292
0.0965	0.9948	0.9986	0.9992	0.9947	0.9996	0.0018	0.9976	ch.14293
0.0519	0.6757	0.0164	0.9934	0.5461	0.0001	0.0051	0.9952	ch.14297
0.0004	0.1148	0.5526	0.6642	0.2430	0.1279	0.1847	0.7830	ch.14303
0.2619	0.9776	0.9931	0.4554	0.9989	0.3618	0.0026	0.9912	ch.14304
0.0579	0.8794	0.1764	0.0038	0.9996	0.0238	0.0103	0.9986	ch.14307
0.3378	0.4400	0.0749	0.9955	0.9226	0.0168	0.0227	0.9756	ch.14334
0.2750	0.9884	0.9847	0.2062	0.9975	0.0048	0.0003	0.0150	ch.14341
0.1229	0.1737	0.2727	0.1578	0.7953	0.0250	0.0890	0.0716	ch.14350
0.0030	0.8850	0.9998	0.0011	0.0089	0.0016	0.9992	0.1441	ch.14418
0.2098	0.9999	0.9396	0.5165	0.9901	0.9956	0.0018	0.7953	ch.14504
0.0135	0.8112	0.6070	0.5646	0.7022	0.9971	0.9988	0.0089	ch.14514
0.4753	0.9974	0.0096	0.0012	0.0015	0.9847	0.9997	0.9753	ch.14553
0.4762	0.9988	0.0217	0.0031	0.0079	0.9980	0.9919	0.9979	ch.14567
0.7509	0.0007	0.3413	0.9436	0.6652	0.0037	0.0002	0.9995	ch.14619
0.4989	0.2890	0.5573	0.9992	0.1343	0.9876	0.9968	0.5474	ch.1461
0.0085	0.9996	0.9980	0.0022	0.2646	0.0013	0.9978	0.4206	ch.14621
0.5355	0.6462	0.3424	0.9982	0.0876	0.9871	0.0034	0.9981	ch.14625
0.0000	0.2698	0.9677	0.7266	0.5777	0.3957	0.8410	0.9220	ch.14626
0.0000	0.4011	0.9951	0.4318	0.2757	0.3005	0.9451	0.3082	ch.14627
0.7170	0.5769	0.2850	0.9971	0.2888	0.4947	0.0012	0.9942	ch.14628
0.0009	0.5609	0.9294	0.9617	0.6587	0.8215	0.4462	0.8527	ch.14633
0.0172	0.9950	0.4910	0.9960	0.9951	0.9754	0.0031	0.9906	ch.14672
0.0016	0.2413	0.9981	0.0038	0.9968	0.0083	0.9985	0.0024	ch.14734
1.2494	0.0008	0.1637	0.9889	0.9995	0.0104	0.0050	0.9993	ch.14735
0.0075	0.9854	0.9952	0.9964	0.9939	0.5251	0.0087	0.9981	ch.14737
0.0023	0.1685	0.9338	0.8254	0.0252	0.1989	0.4727	0.9302	ch.14746
0.0000	0.7076	0.5585	0.5563	0.4038	0.9246	0.7561	0.1356	ch.14749
0.0599	0.9987	0.9988	0.0826	0.9999	0.9932	0.9942	0.0088	ch.14768
0.0602	0.9984	0.9479	0.8553	0.9947	0.0108	0.0015	0.0371	ch.14789
0.0000	0.3621	0.5043	0.3254	0.9554	0.8303	0.4636	0.7426	ch.14801
0.0000	0.5516	0.0390	0.4938	0.0687	0.2818	0.3236	0.5121	ch.14823
0.0002	0.6921	0.3557	0.7240	0.4605	0.7762	0.3360	0.2410	ch.14825
0.0005	0.4573	0.1509	0.5474	0.8562	0.6196	0.6652	0.7984	ch.14861
0.1868	0.9994	0.9934	0.0020	0.0009	0.9883	0.9901	0.9939	ch.14866
0.0052	0.1153	0.1928	0.3809	0.0075	0.0917	0.2250	0.7507	ch.1489
0.2891	0.9988	0.9884	0.9992	0.0013	0.9767	0.9911	0.2553	ch.14905
0.0000	0.9066	0.0951	0.0869	0.3817	0.1258	0.4991	0.5233	ch.14916
0.0000	0.8639	0.4416	0.5137	0.1985	0.5602	0.0509	0.8323	ch.14917
0.0169	0.8493	0.9926	0.9990	0.0003	0.0078	0.4374	0.9975	ch.14920
0.0001	0.5475	0.6886	0.3327	0.2441	0.1101	0.6673	0.7698	ch.14921
0.0000	0.8490	0.2081	0.6691	0.7354	0.7633	0.6278	0.9720	ch.14923
0.0002	0.8378	0.6938	0.1694	0.2530	0.5389	0.5693	0.7100	ch.14924
0.0000	0.5925	0.2089	0.1631	0.9701	0.7623	0.9698	0.2044	ch.14927
0.0151	0.8005	0.3276	0.4989	0.1608	0.1119	0.9977	0.5135	ch.15015
0.0446	0.9981	0.9973	0.0013	0.0013	0.0017	0.9919	0.7226	ch.1501
0.2753	0.9986	0.9887	0.4501	0.6442	0.9955	0.9998	0.9827	ch.15022
1.0194	0.9982	0.9987	0.9984	0.8347	0.1391	0.0139	0.0071	ch.15036
0.3485	0.9951	0.4645	0.9898	0.9977	0.9961	0.9984	0.0000	ch.15054
0.0011	0.2360	0.9981	0.9929	0.0038	0.0091	0.9969	0.8897	ch.15091
0.1064	0.0341	0.9935	0.4439	0.0010	0.9974	0.9925	0.0018	ch.15093
0.0817	0.9980	0.9995	0.2783	0.9966	0.9951	0.9853	0.0040	ch.15097
0.0142	0.7324	0.1920	0.9998	0.9977	0.0046	0.9987	0.7070	ch.15099
0.0441	0.9985	0.9980	0.4372	0.9993	0.9995	0.9907	0.9998	ch.15108
0.5524	0.9878	0.9854	0.0068	0.3680	0.9864	0.9927	0.9053	ch.15112
0.0008	0.5009	0.8563	0.9223	0.0170	0.2776	0.9679	0.3275	ch.15121
0.0572	0.0008	0.0056	0.9948	0.9999	0.0008	0.0046	0.9977	ch.15124
0.0000	0.9924	0.3072	0.1401	0.8812	0.9093	0.0773	0.3902	ch.15129
0.0785	0.0767	0.0785	0.1147	0.0973	0.0023	0.9142	0.0991	ch.15130
0.2331	0.0073	0.9717	0.5722	0.0093	0.0988	0.1381	0.6054	ch.15131
0.0418	0.9875	0.2630	0.1082	0.9811	0.3144	0.7521	0.3636	ch.15139
0.2171	0.0023	0.0014	0.9996	0.6077	0.0094	0.0090	0.9965	ch.15140
0.0548	0.9981	0.9976	0.9996	0.9915	0.9965	0.9930	0.0585	ch.15142
0.1442	0.9940	0.5449	0.9985	0.9887	0.9679	0.0109	0.9969	ch.15149
0.0914	0.9920	0.9998	0.0029	0.7632	0.9969	0.9851	0.9941	ch.15164
0.0001	0.2531	0.7448	0.0403	0.0158	0.9911	0.5615	0.5456	ch.15173
0.0976	0.9969	0.9948	0.9997	0.6569	0.0082	0.0041	0.9990	ch.15294
0.0202	0.0038	0.9977	0.9904	0.3964	0.0013	0.0005	0.9981	ch.15300
0.2159	0.9951	0.9921	0.0028	0.0006	0.9981	0.9931	0.0017	ch.15331
0.0122	0.9964	0.7949	0.9969	0.9991	0.9997	0.0012	0.9896	ch.15424
0.0011	0.2867	0.0946	0.3491	0.2171	0.2514	0.8567	0.9162	ch.15439
0.2060	0.9988	0.9943	0.1670	0.9908	0.0039	0.5813	0.9955	ch.15448
0.0000	0.5758	0.3404	0.8340	0.9236	0.7171	0.1425	0.6064	ch.15456
0.0527	0.9987	0.0063	0.0035	0.9991	0.9788	0.9961	0.9764	ch.15460
0.0078	0.6514	0.9989	0.0029	0.9997	0.9987	0.0004	0.1459	ch.15468
0.0034	0.0074	0.0825	0.9253	0.9995	0.0043	0.0067	0.9955	ch.15518
0.0000	0.0222	0.0744	0.0483	0.9141	0.5034	0.2511	0.3717	ch.15522
0.0000	0.7637	0.3389	0.7935	0.1940	0.2579	0.1152	0.8539	ch.15523
0.0000	0.9896	0.1101	0.5205	0.9978	0.2154	0.8573	0.3380	ch.15533
0.0831	0.9992	0.0281	0.9949	0.0380	0.0094	0.0024	0.8806	ch.15539
0.7396	0.0009	0.2156	0.9943	0.0033	0.0044	0.9985	0.9730	ch.15549
0.0408	0.9995	0.9912	0.0016	0.6009	0.9952	0.9979	0.0059	ch.15592
0.0000	0.7023	0.9704	0.9528	0.2742	0.1954	0.8345	0.6636	ch.15597
0.0623	0.0015	0.0001	0.9952	0.3518	0.0011	0.8237	0.9841	ch.15599
0.1097	0.0526	0.9973	0.2907	0.9987	0.5881	0.0221	0.9568	ch.1560
0.0012	0.3778	0.8752	0.0008	0.9930	0.0156	0.9952	0.9006	ch.15612
0.1635	0.8868	0.0224	0.1808	0.6284	0.5889	0.0816	0.9993	ch.15614
0.0223	0.0039	0.9959	0.2778	0.9871	0.0015	0.0019	0.9969	ch.15635
0.0359	0.0197	0.3814	0.5156	0.3285	0.0082	0.0096	0.9439	ch.1569
0.0469	0.9983	0.9923	0.4101	0.9982	0.9983	0.0006	0.0262	ch.15703
0.0027	0.0143	0.0063	0.1574	0.8648	0.9972	0.0060	0.3499	ch.15748
0.0029	0.9991	0.2889	0.9979	0.0012	0.0038	0.0007	0.4986	ch.15750
0.8609	0.0005	0.5355	0.9311	0.0410	0.9986	0.0070	0.9991	ch.15751
0.0999	0.9818	0.4440	0.5931	0.9975	0.0100	0.0247	0.9936	ch.15756
0.0580	0.9940	0.3543	0.9744	0.0003	0.0773	0.9846	0.7329	ch.15759
0.0312	0.0001	0.1210	0.9954	0.8932	0.9977	0.9992	0.1987	ch.15760
0.3516	0.9991	0.9392	0.0031	0.9990	0.0008	0.9988	0.1799	ch.15795
0.0000	0.6200	0.8315	0.9946	0.4154	0.3948	0.8804	0.2584	ch.15810
0.1893	0.2938	0.9995	0.9993	0.9833	0.0000	0.0072	0.9929	ch.15816
0.3951	0.4218	0.9977	0.0031	0.9965	0.0007	0.9963	0.3313	ch.15824
0.0000	0.6359	0.2960	0.1218	0.6703	0.2713	0.1720	0.6357	ch.15827
0.0521	0.9937	0.9987	0.3511	0.3396	0.0072	0.9981	0.0085	ch.15835
0.0422	0.9991	0.2401	0.9896	0.9985	0.9565	0.0004	0.1126	ch.15851
0.1948	0.0085	0.2901	0.9964	0.7178	0.0234	0.4945	0.9977	ch.15856
0.0174	0.6322	0.9961	0.9987	0.9972	0.0064	0.9999	0.2031	ch.15864
0.0166	1.0000	0.9999	0.6831	0.0020	0.9937	0.9921	0.0089	ch.15869
0.0143	0.9152	0.3429	0.8689	0.0274	0.0309	0.1653	0.2637	ch.15874
0.1229	0.9573	0.9979	0.0008	0.9968	0.0070	0.9992	0.9936	ch.15922
0.2512	0.9953	0.9971	0.9972	0.0032	0.0012	0.0000	0.5272	ch.15944
0.0021	0.9877	0.5446	0.5973	0.9196	0.9751	0.9972	0.0470	ch.15946
0.0046	0.9050	0.5546	0.4296	0.9939	0.9739	0.9163	0.2017	ch.15947
0.0845	0.9944	0.8427	0.0039	0.9924	0.9969	0.9127	0.7575	ch.1594
0.0000	0.0432	0.9961	0.6635	0.0101	0.4275	0.9197	0.0918	ch.15952
0.0927	0.9973	0.9716	0.9972	0.0712	0.8610	0.3904	0.5848	ch.1595
0.6680	0.9994	0.9340	0.0025	0.9959	0.0031	0.9963	0.0733	ch.15960
0.2951	0.0015	0.9926	0.9942	0.8573	0.0052	0.9986	0.0117	ch.15982
0.0204	0.9909	0.9942	0.9991	0.3237	0.0094	0.9977	0.3279	ch.1599
0.2477	0.9936	0.6595	0.9987	0.0121	0.9935	0.0005	0.0322	ch.16002
0.0825	0.9943	0.6356	0.9914	0.0046	0.9362	0.9996	0.0096	ch.16012
0.0010	0.7595	0.2715	0.3900	0.9309	0.9037	0.2878	0.3307	ch.16045
0.0196	0.9864	0.9989	0.9984	0.5432	0.0494	0.5389	0.8910	ch.16056
0.1975	0.9957	0.9984	0.9939	0.0005	0.9995	0.9995	0.9772	ch.16114
0.0160	0.9923	0.9978	0.0002	0.9973	0.0058	0.9952	0.9950	ch.16119
0.0197	0.9960	0.7715	0.0787	0.2643	0.5092	0.9545	0.4355	ch.16129
0.0265	0.0021	0.8948	0.9994	0.9958	0.9946	0.0030	0.9948	ch.16130
0.0002	0.3405	0.6791	0.9118	0.1568	0.3756	0.6605	0.8340	ch.16134
0.0000	0.9502	0.0944	0.1209	0.4541	0.2360	0.5827	0.0548	ch.16147
0.0000	0.5127	0.1916	0.4256	0.2906	0.6406	0.9421	0.4904	ch.16148
0.0001	0.3158	0.9999	0.0045	0.9987	0.9997	0.0012	0.2257	ch.16150
0.0013	0.9931	0.7766	0.9919	0.0069	0.0023	0.0025	0.7351	ch.16151
0.0000	0.3433	0.9235	0.8561	0.0629	0.2089	0.3955	0.3628	ch.16152
0.0168	0.0124	0.8956	0.9969	0.9960	0.9991	0.0016	0.9754	ch.16156
0.0000	0.9953	0.3356	0.9504	0.9209	0.6792	0.1709	0.4160	ch.16157
0.7074	0.9926	0.9894	0.9830	0.0853	0.0016	0.0054	0.9916	ch.16177
0.0240	0.9353	0.7199	0.7458	0.7261	0.5425	0.7975	0.6963	ch.16181
0.0961	0.0275	0.9996	0.3352	0.0710	0.0375	0.7712	0.5738	ch.16185
0.0012	0.9968	0.9934	0.0034	0.9911	0.9988	0.9988	0.9927	ch.16243
0.2195	0.9991	0.9864	0.9995	0.9992	0.0002	0.0031	0.0281	ch.16271
0.0910	0.0630	0.9919	0.0012	0.9978	0.0054	0.9990	0.5840	ch.16273
0.7862	0.9993	0.0741	0.9973	0.9969	0.0039	0.2165	0.9858	ch.1627
0.0296	0.9942	0.9963	0.9964	0.2211	0.9995	0.0014	0.9988	ch.162
0.0998	0.9943	0.9976	0.9980	0.9968	0.0011	0.9928	0.4897	ch.16325
0.0282	0.0119	0.9054	0.9587	0.7239	0.3084	0.8586	0.9975	ch.1636
0.1085	0.9975	0.0099	0.8652	0.0024	0.0018	0.2794	0.9932	ch.1646
0.0118	0.9986	0.9985	0.1946	0.9991	0.0069	0.0016	0.3577	ch.1647
0.1031	0.8503	0.9990	0.4280	0.9955	0.9987	0.0063	0.9936	ch.1660
0.0004	0.1411	0.0800	0.8181	0.9867	0.0674	0.0005	0.9856	ch.1662
0.5213	0.0079	0.3666	0.8915	0.2107	0.0043	0.0179	0.9792	ch.16647
0.0000	0.0280	0.3325	0.3732	0.3145	0.5611	0.3015	0.9538	ch.16650
0.1895	0.9997	0.2571	0.9991	0.0043	0.9900	0.0041	0.2339	ch.1665
0.1382	0.0190	0.9978	0.0096	1.0000	0.0111	0.0048	0.9999	ch.16661
0.1528	0.9983	0.4397	0.5519	0.9945	0.9989	0.0045	0.7953	ch.16692
0.0000	0.7522	0.5757	0.6210	0.1670	0.9558	0.4885	0.4804	ch.16717
0.0027	0.7286	0.0887	0.5935	0.0600	0.7333	0.0549	0.2281	ch.16727
0.1433	0.7936	0.5674	0.9943	0.0021	0.9947	0.0084	0.9846	ch.16731
0.0135	0.0022	0.5358	0.8987	0.9681	0.0067	0.1159	0.9920	ch.16783
0.0834	0.9981	0.6449	0.7378	0.5122	0.9546	0.9066	0.0143	ch.16816
0.2236	0.0194	0.5705	0.0616	0.1260	0.8611	0.0689	0.7102	ch.16853
0.2210	0.9987	0.2093	0.9816	0.9963	0.0027	0.0144	0.9974	ch.1685
0.0440	0.9943	0.0718	0.0014	0.9992	0.0100	0.0028	0.9875	ch.1686
0.0000	0.6000	0.1339	0.5922	0.1368	0.2818	0.4442	0.7127	ch.16882
0.0000	0.6296	0.0743	0.8343	0.1846	0.8763	0.0849	0.3519	ch.16908
0.0465	0.9991	0.9928	0.1185	0.6759	0.9985	0.9960	0.5438	ch.1696
0.0166	0.5142	0.7538	0.8834	0.4314	0.3506	0.4336	0.5779	ch.16979
0.0080	0.3989	0.9565	0.5491	0.1544	0.5064	0.9991	0.9395	ch.17024
0.0038	0.9969	0.5536	0.9972	0.0019	0.0031	0.9993	0.7929	ch.17026
0.0000	0.8683	0.8609	0.8456	0.4559	0.4882	0.8066	0.0906	ch.17028
0.0000	0.1333	0.8819	0.2511	0.2290	0.8537	0.5353	0.8976	ch.17031
0.0877	0.9970	0.7194	0.0063	0.3191	0.0004	0.9975	0.4390	ch.17036
0.0092	0.0025	0.0026	0.3533	0.8078	0.0074	0.0673	0.9368	ch.17057
0.0001	0.1120	0.3706	0.6004	0.2541	0.6746	0.4840	0.1872	ch.17137
0.1346	0.0010	0.0009	0.8966	0.4279	0.0058	0.0011	0.9992	ch.1714
0.0349	0.9982	0.0694	0.0621	0.2417	0.0028	0.0023	0.9964	ch.17223
0.0000	0.3694	0.3017	0.9651	0.5569	0.8891	0.7211	0.9553	ch.17227
0.1697	0.0064	0.0885	0.0045	0.9918	0.0058	0.9990	0.9743	ch.17234
0.0044	0.0813	0.0006	0.9975	0.0046	0.9947	0.1564	0.9971	ch.17235
0.0060	0.9855	0.9988	0.9950	0.4781	0.0016	0.9931	0.6221	ch.17244
0.1849	0.1339	0.2739	0.9757	0.1280	0.0942	0.1092	0.8187	ch.17245
0.4666	0.0065	0.1704	0.0079	0.9990	0.0010	0.2318	0.9954	ch.17312
0.0522	0.9998	0.1172	0.0035	0.9992	0.2769	0.9934	0.0119	ch.17331
0.0859	0.9943	0.9914	0.0005	0.9975	0.9982	0.0079	0.0017	ch.17406
0.1026	0.3928	0.7760	0.0644	0.4251	0.2413	0.8480	0.2182	ch.1740
0.8138	0.9989	0.9875	0.0017	0.0168	0.9991	0.0000	0.9422	ch.17411
1.0940	0.9398	0.3248	0.4920	0.2139	0.3811	0.2533	0.4681	ch.17419
0.2446	0.6258	0.3480	0.9984	0.0114	0.0023	1.0000	0.9843	ch.17427
0.0000	0.6412	0.9821	0.2757	0.1756	0.5559	0.6319	0.4077	ch.17435
0.2007	0.9945	0.6848	0.9988	0.9983	0.0003	0.8899	0.3739	ch.17445
0.1204	0.9970	0.9983	0.9900	0.0023	0.9991	0.9909	0.9987	ch.174
0.1015	0.4834	0.6014	0.9979	0.0066	0.9936	0.9990	0.9535	ch.17511
0.4767	0.1213	0.0087	0.9993	0.5627	0.0003	0.0028	0.9942	ch.17537
0.4927	0.1834	0.3034	0.6082	0.0206	0.9990	0.0130	0.9919	ch.17539
0.0000	0.1714	0.9926	0.1810	0.9059	0.3243	0.9724	0.6215	ch.17557
0.0026	0.0040	0.9942	0.9962	0.4126	0.0118	0.0065	0.9962	ch.17584
0.7617	0.9985	0.0320	0.0000	0.0066	0.0072	0.9925	0.5419	ch.17589
0.0000	0.2826	0.4936	0.2554	0.2055	0.4440	0.6903	0.4533	ch.17715
0.0006	0.9985	0.4955	0.0034	0.0052	0.0010	0.9894	0.8021	ch.17744
0.0000	0.1762	0.5026	0.8878	0.5416	0.8780	0.7341	0.3533	ch.17803
0.1052	0.9947	0.9968	0.0001	0.2303	0.0064	0.9985	0.5251	ch.17829
0.0042	0.9988	0.0026	0.9963	0.8928	0.0171	0.0030	0.8882	ch.17838
0.0162	0.9765	0.0021	0.0001	0.9990	0.9993	0.9960	0.0015	ch.17852
0.0131	0.9978	0.9972	0.9915	0.9961	0.0050	0.0017	0.0182	ch.1786
0.1718	0.0000	0.0152	0.0081	0.9960	0.0018	0.0023	0.9948	ch.17877
0.0013	0.6554	0.9730	0.3147	0.0891	0.1130	0.0100	0.7880	ch.17892
0.5037	0.0009	0.5321	0.9984	0.0083	0.0122	0.0045	0.9893	ch.17917
0.0158	0.0004	0.9995	0.9959	0.1770	0.0019	0.0016	0.9898	ch.1799
0.1563	0.9995	0.9991	0.9998	0.2367	0.9879	0.9974	0.0057	ch.18005
0.0478	0.3158	0.9984	0.9994	0.9969	0.0048	0.9993	0.3209	ch.1800
0.3772	0.0042	0.9526	0.7792	0.9848	0.9994	0.0121	0.9967	ch.18033
0.0002	0.3053	0.0878	0.8912	0.0570	0.0581	0.1185	0.9346	ch.1803
0.0000	0.5008	0.6131	0.1958	0.0806	0.7738	0.2704	0.0715	ch.18040
0.2748	0.3776	0.2972	0.9943	0.5384	0.0038	0.0033	0.9976	ch.1804
0.0023	0.9991	0.4641	0.9967	0.9982	0.0008	0.0087	0.3078	ch.18100
0.0222	0.0096	0.0034	0.5486	0.9442	0.0631	0.0346	0.9930	ch.18105
0.2387	0.2267	0.3658	0.9990	0.9996	0.9977	0.0015	0.0424	ch.18121
0.0156	0.9998	0.4437	0.9971	0.9965	0.0201	0.6185	0.0641	ch.18136
0.0006	0.0560	0.3350	0.8731	0.7817	0.3028	0.8968	0.5124	ch.18154
0.0071	0.9972	0.0565	0.9993	0.9995	0.9939	0.0020	0.4185	ch.18185
0.1854	0.9997	0.9971	0.0216	0.9999	0.0006	0.9987	0.0066	ch.18211
0.2912	1.0000	0.9828	0.9984	0.1300	0.9921	0.0041	0.4838	ch.18248
0.0639	0.9220	0.3079	0.9940	0.0276	0.0251	0.3438	0.8428	ch.18265
0.1806	0.9909	0.0080	0.4865	0.9653	0.0233	0.4462	0.9911	ch.1828
0.0175	0.9998	0.9974	0.4346	0.0247	0.9973	0.9977	0.0287	ch.18292
0.0000	0.8661	0.9141	0.2927	0.5571	0.6089	0.4015	0.8392	ch.18310
0.0037	0.6365	0.0181	0.2106	0.2592	0.4440	0.7477	0.3296	ch.1833
0.0596	0.8044	0.1112	0.8399	0.0343	0.1949	0.4187	0.8145	ch.18341
0.6644	0.9940	0.6811	0.0051	0.0016	0.0217	0.9880	0.9933	ch.1834
0.0023	0.9995	0.9629	0.9999	0.9998	0.0108	1.0000	0.4484	ch.18368
0.0016	0.9978	0.2416	0.9871	0.9955	0.0072	0.0036	0.5464	ch.18369
0.0000	0.9500	0.3806	0.6468	0.7161	0.0210	0.2686	0.8376	ch.18370
0.2386	0.9949	0.1807	0.0066	0.9997	0.0009	0.9987	0.1598	ch.18421
0.2529	0.0026	0.0051	0.9966	0.8090	0.9984	0.0028	0.9958	ch.18433
0.0027	0.1969	0.8395	0.0012	0.9895	0.7655	0.9736	0.2087	ch.18449
0.0956	1.0000	0.9915	0.9992	0.9893	0.0027	0.4650	0.0203	ch.18450
0.1035	0.0049	0.1203	1.0000	0.9950	0.0054	0.0005	0.9998	ch.18451
0.0000	0.6478	0.1225	0.5350	0.5841	0.2851	0.3627	0.2243	ch.18452
0.6754	0.0035	0.9179	0.9985	0.9965	0.0003	0.9986	0.9950	ch.18456
0.0000	0.9141	0.5679	0.4810	0.8141	0.5175	0.4619	0.5789	ch.18480
0.4265	0.9923	0.5830	0.9931	0.9953	0.0083	0.1870	0.9899	ch.1848
0.3941	0.9934	0.9109	0.1790	0.3853	0.9610	0.9998	0.0318	ch.18524
0.0574	0.5169	0.7406	0.5960	0.0004	0.0094	0.0000	0.9994	ch.18544
0.0224	0.9980	0.5634	0.9980	0.9991	0.0011	0.0018	0.9941	ch.18553
0.0395	0.9969	0.9980	0.0027	0.9035	0.0032	0.9996	0.0204	ch.18594
0.0008	0.5612	0.5781	0.7970	0.0407	0.0213	0.8539	0.2329	ch.18626
0.1725	0.9999	0.9980	0.9989	0.9965	0.0104	0.9965	0.0121	ch.18643
0.0838	0.0275	0.9993	0.9865	0.0196	0.6621	0.9876	0.9895	ch.1866
0.0001	0.9993	0.9993	0.9972	0.9944	0.0001	0.9886	0.7045	ch.18672
0.0376	0.9996	0.9983	0.0049	0.9984	0.9951	0.0014	0.3686	ch.18675
0.0020	0.9995	0.9993	0.9987	0.9873	0.0100	0.9943	0.7116	ch.18676
0.0416	0.7717	0.6967	0.7637	0.8611	0.0615	0.3069	0.2048	ch.18677
0.0032	0.8773	0.1445	0.7837	0.2530	0.8655	0.2689	0.5912	ch.18730
0.0161	0.9990	0.2303	0.9994	0.9987	0.9964	0.0002	0.4306	ch.18744
0.0182	0.7962	0.4385	0.3960	0.0938	0.9896	0.9680	0.3923	ch.18761
0.1171	0.0034	0.9974	0.9941	0.9977	0.0106	0.0067	0.9970	ch.18767
0.0036	0.3542	0.9990	0.9933	0.0003	0.0067	0.0037	0.9995	ch.1876
0.1909	0.9991	0.9990	0.6341	0.0229	0.0109	0.9959	0.9887	ch.1877
0.3115	0.9981	0.9993	0.9979	0.4516	0.0034	0.9974	0.8034	ch.18780
0.5982	0.8269	0.9967	0.4918	0.9994	0.0063	0.0019	0.1667	ch.18792
0.1087	0.9874	0.9956	0.9971	0.0086	0.0118	0.9914	0.6512	ch.18807
0.0004	0.0503	0.1068	0.0999	0.3238	0.3738	0.8817	0.8917	ch.18815
0.0000	0.0559	0.9902	0.1727	0.8174	0.0116	0.1354	0.8860	ch.18819
0.0000	0.9467	0.4021	0.4788	0.7353	0.0828	0.9465	0.4838	ch.18822
0.1431	0.2300	0.9026	0.5647	0.0336	0.6911	0.0560	0.0287	ch.18855
0.0000	0.5260	0.5226	0.6571	0.7399	0.3079	0.6971	0.6165	ch.18875
0.0000	0.5828	0.7916	0.7734	0.2234	0.4951	0.7504	0.9034	ch.18881
0.0063	0.9113	0.7470	0.9006	0.8881	0.1011	0.8723	0.1875	ch.18895
0.0080	0.9976	0.9963	0.9964	0.9961	0.0024	0.9835	0.5069	ch.18914
0.0037	0.9477	0.7360	0.9766	0.5875	0.6663	0.8323	0.4122	ch.18915
0.5358	0.9977	0.1704	0.9970	0.0004	0.9997	0.0091	0.2470	ch.18917
0.1211	0.0032	0.0053	0.0261	0.0042	0.0021	0.6142	0.9884	ch.18939
0.0016	0.9983	0.9975	0.9947	0.0000	0.9822	0.9984	0.5740	ch.18940
0.0000	0.3235	0.9559	0.1765	0.5722	0.9478	0.9086	0.5199	ch.18971
0.0007	0.2354	0.5099	0.6242	0.6510	0.5094	0.4802	0.6619	ch.18980
0.1179	0.0023	0.0000	0.9971	0.8279	0.0011	0.0002	0.9906	ch.19007
0.0633	0.9983	0.9967	0.9983	0.9991	0.0033	0.0004	0.9949	ch.19013
0.0001	0.0333	0.1218	0.0082	0.4842	0.0343	0.8833	0.7896	ch.19033
0.0005	0.0116	0.2405	0.7501	0.2869	0.1708	0.4702	0.9339	ch.19053
0.4132	0.0016	0.3974	0.0164	0.9999	0.0031	0.0019	0.9952	ch.19075
0.1787	0.9959	0.4568	0.0032	0.0060	0.9989	0.9991	0.0055	ch.19082
0.0527	0.9960	0.6423	0.9839	0.6919	0.0238	0.0067	0.9634	ch.19116
0.2965	0.6923	0.0094	0.9874	0.7513	0.0642	0.0294	0.9709	ch.19123
0.0026	0.4820	0.0071	0.0063	0.9945	0.9965	0.0021	0.9995	ch.19152
0.0015	0.8098	0.9553	0.5940	0.3472	0.1142	0.8705	0.2945	ch.19154
0.0000	0.9525	0.6154	0.4641	0.7823	0.3258	0.8419	0.5596	ch.19175
0.1607	0.9984	0.3982	0.1488	0.1348	0.0007	0.0129	0.9912	ch.19187
0.0007	0.0854	0.6151	0.9653	0.0355	0.0507	0.0224	0.8983	ch.1918
0.0009	0.9964	0.7532	0.9726	0.9698	0.9982	0.9972	0.8980	ch.19213
0.0000	0.1870	0.5137	0.3784	0.2505	0.9504	0.1776	0.1184	ch.19225
0.3649	0.9952	0.9992	0.3385	0.9952	0.9898	0.0759	0.0060	ch.19249
0.0000	0.8571	0.7221	0.1940	0.7037	0.8003	0.6866	0.1413	ch.19251
0.2071	0.0097	0.0040	0.9973	0.9307	0.0032	0.0094	0.9987	ch.19255
0.2032	0.9900	0.7971	0.9813	0.2352	0.3496	0.9946	0.0463	ch.19263
0.0001	0.9938	0.4057	0.0089	0.9960	0.9964	0.0026	0.9440	ch.19287
0.0290	0.0011	0.9996	0.0023	0.9980	0.0018	0.9994	0.7631	ch.19313
0.0005	0.2088	0.8080	0.9724	0.5497	0.1318	0.9937	0.7946	ch.19350
0.0000	0.2111	0.4946	0.3248	0.3959	0.6560	0.6465	0.3397	ch.19351
0.5431	0.9974	0.6100	0.8002	0.2626	0.0015	0.2625	0.9993	ch.19375
0.1118	0.9971	0.9956	0.0120	0.9971	0.9988	1.0000	0.9780	ch.19378
0.0004	0.0067	0.9772	0.9302	0.1179	0.4604	0.5694	0.8768	ch.19412
0.0162	0.6357	0.0389	0.9362	0.3679	0.0460	0.0017	0.3910	ch.19449
0.0003	0.0541	0.0336	0.9997	0.3901	0.6249	0.4732	0.3479	ch.19500
0.0096	0.0193	0.0018	0.9862	0.9818	0.0102	0.0003	0.9991	ch.19517
0.0000	0.2998	0.9387	0.5680	0.4634	0.0597	0.2371	0.7495	ch.19518
0.0100	0.0011	0.0008	0.9899	1.0000	0.0074	0.0018	0.9991	ch.19523
0.0001	0.1369	0.0204	0.1567	0.3646	0.2128	0.9140	0.4874	ch.19524
0.0099	0.0006	0.0004	0.9981	0.9960	0.0009	0.0066	0.9933	ch.19526
0.5151	0.9965	0.9864	0.0015	0.8102	0.9980	0.9888	0.0071	ch.19542
0.0519	0.9947	0.9991	0.9879	0.9913	0.0063	0.9965	0.3900	ch.19581
0.0070	0.9997	0.7824	0.9988	0.9987	0.0043	0.0041	0.8453	ch.19632
0.0312	0.9933	0.9991	0.9900	0.0111	0.9976	0.0022	0.0093	ch.19716
0.0765	0.9970	0.9591	0.0004	0.9962	0.0023	0.9969	0.6213	ch.19756
0.6752	0.8293	0.1851	0.2272	0.1830	0.5509	0.7386	0.6208	ch.1976
0.0129	0.7764	0.4819	0.3873	0.1732	0.9785	0.3913	0.4918	ch.19801
0.1863	0.0008	0.5556	0.9949	0.9970	0.0086	0.0011	0.9980	ch.1982
0.0003	0.8484	0.9984	0.9924	0.9976	0.0108	0.9988	0.1834	ch.19851
0.0737	0.9945	0.3614	0.9954	0.9997	0.0001	0.9858	0.3742	ch.19854
0.0001	0.8932	0.5304	0.8284	0.2848	0.0363	0.9958	0.2410	ch.19857
0.0308	0.9929	0.9074	0.0005	0.0014	0.9984	0.9981	0.0333	ch.19858
0.0000	0.4574	0.4163	0.4060	0.2487	0.4714	0.5466	0.9812	ch.19876
0.0000	0.2924	0.9050	0.4924	0.3305	0.2039	0.8873	0.3893	ch.19877
0.7405	0.0010	0.0862	0.9870	0.0007	0.0075	0.9968	0.1608	ch.19878
0.0000	0.7857	0.7573	0.9636	0.3454	0.7194	0.3431	0.1681	ch.19880
0.0279	0.9988	0.6142	0.9989	0.9956	0.9957	0.0019	0.6885	ch.19955
0.0692	0.0010	0.4408	0.6018	0.4961	0.0004	0.0002	0.9986	ch.19967
0.0000	0.7080	0.0757	0.6462	0.1149	0.6333	0.8087	0.8596	ch.19987
0.0021	0.1220	0.9968	0.0037	0.9999	0.0007	0.9995	0.7070	ch.19999
0.0004	0.6909	0.9563	0.3600	0.0115	0.7690	0.0026	0.1020	ch.1999
0.0041	0.9978	0.9782	0.0386	0.9995	0.9995	0.0010	0.9937	ch.20080
0.2946	0.1169	0.0007	0.2392	0.0956	0.9955	0.0086	0.9926	ch.20084
0.0001	0.6624	0.9981	0.9994	0.9992	0.0034	0.9961	0.4179	ch.2011
0.0001	0.4970	0.4328	0.3199	0.0275	0.8261	0.9724	0.3074	ch.20167
0.0047	0.7043	0.6877	0.4632	0.4582	0.5934	0.5019	0.8213	ch.20197
0.0552	0.9996	0.9875	0.6909	0.0010	0.0562	0.9980	0.9560	ch.20284
0.2091	0.7422	0.5161	0.9987	0.0428	0.0021	0.0005	0.9961	ch.2035
0.2031	0.9844	0.9985	0.8736	0.9981	0.9928	0.9421	0.0138	ch.2036
0.4112	0.9980	0.1523	0.0026	0.0033	0.9995	0.9993	0.0589	ch.2039
0.1818	0.5625	0.9998	0.9951	0.4905	0.0120	0.0116	0.9979	ch.2047
0.8420	0.8395	0.0086	0.0018	0.4050	0.9899	0.9988	0.8877	ch.2077
0.1574	0.9949	0.3948	0.6741	0.0011	0.0066	0.0127	0.9808	ch.2096
0.3992	0.9995	0.9978	0.6932	0.9797	0.9982	0.0023	0.0193	ch.2099
0.0003	0.3182	0.7970	0.4082	0.2686	0.4799	0.4083	0.6707	ch.2110
0.4868	0.8721	0.3436	0.6975	0.5777	0.8138	0.6292	0.7607	ch.2119
0.0789	0.3250	0.0602	0.9948	0.0015	0.0023	0.0064	0.9998	ch.2148
0.0235	0.9921	0.7420	0.9998	0.9984	0.9998	0.0043	0.1287	ch.2157
0.0000	0.2785	0.3839	0.3955	0.2337	0.7952	0.8632	0.8190	ch.2161
0.0048	0.7545	0.9984	0.0963	0.9988	0.0058	0.9990	0.1671	ch.216
0.0042	0.1463	0.9997	0.9979	0.0037	0.0030	0.9989	0.1144	ch.2180
0.0026	0.9950	0.9919	0.9960	0.0019	0.9989	0.9944	0.0019	ch.2210
0.7496	0.0049	0.0401	0.0019	0.9973	0.0066	0.0006	0.9967	ch.2217
0.1640	0.9962	0.9988	0.9973	0.2644	0.0052	0.9956	0.0011	ch.2247
0.1183	0.9885	0.6938	0.9800	0.9493	0.9356	0.9984	0.0013	ch.2250
0.0087	0.5257	0.9942	0.0017	0.0016	0.9989	0.0027	0.2898	ch.230
0.6497	0.9963	0.3147	0.0029	0.2366	0.9901	0.9891	0.9402	ch.2330
0.0993	0.9996	0.7168	0.0024	0.9941	0.9960	0.9992	0.0026	ch.2331
0.0022	1.0000	0.8433	0.9978	0.0077	0.0073	0.9909	0.9377	ch.2332
0.0379	0.0103	0.2954	0.9992	0.9985	0.0019	0.0013	0.9830	ch.2333
0.1987	0.9966	0.9902	0.9987	0.9999	0.9924	0.0005	0.0614	ch.237
0.0315	0.9993	0.7224	0.0075	0.9994	0.0026	0.9998	0.0118	ch.241
0.0000	0.0175	0.6048	0.0554	0.4404	0.1172	0.6776	0.5733	ch.2485
0.0000	0.0307	0.2300	0.5488	0.3883	0.2854	0.9207	0.4445	ch.2490
0.4084	0.9220	0.9512	0.5948	0.0148	0.8568	0.0010	0.4265	ch.2531
0.0719	0.9900	0.4890	0.0028	0.9931	0.0020	0.0002	0.9924	ch.2559
0.0001	0.0553	0.8226	0.7407	0.3293	0.0580	0.2564	0.8665	ch.2619
0.4570	0.4251	0.8833	0.9993	0.2708	0.8278	0.0001	0.9925	ch.2654
0.7007	0.0040	0.6480	0.9970	0.0001	0.9937	0.9946	0.8810	ch.266
0.0215	0.9986	0.9950	0.0026	0.9946	0.9980	0.0051	0.4112	ch.267
1.3294	0.0014	0.6387	0.0082	0.0203	0.0036	0.0025	0.4757	ch.2686
0.5184	0.0003	0.9104	0.9923	0.5340	0.0001	0.9958	0.9860	ch.2762
0.0013	0.6679	0.9996	0.0010	0.0002	0.0006	0.9963	0.3686	ch.2764
0.0099	0.1224	0.9923	0.0053	0.9984	0.9991	0.0046	0.3985	ch.2766
0.2437	0.7767	0.7645	0.0015	0.9988	0.0020	0.9957	0.0158	ch.2784
0.0000	0.6520	0.4843	0.3942	0.2804	0.1675	0.2915	0.4167	ch.2788
0.0000	0.0025	0.4472	0.6442	0.0972	0.8939	0.1006	0.5241	ch.2789
0.0000	0.5876	0.4440	0.5099	0.8047	0.1552	0.9625	0.2080	ch.2793
0.0003	0.9044	0.0509	0.5706	0.1905	0.8301	0.0703	0.5397	ch.2800
0.3050	0.9961	0.9950	0.9966	0.5236	0.9965	0.0047	0.3618	ch.2868
1.6703	0.0030	0.2901	0.4833	0.9987	0.0010	0.0019	0.9980	ch.2886
0.3143	0.9992	0.9992	0.9976	0.0026	0.0048	0.6271	0.9840	ch.2892
0.3323	0.0005	0.0034	0.9924	0.7723	0.0022	0.0002	0.9775	ch.2931
1.3085	0.0505	0.0004	0.9988	0.7591	0.9927	0.0022	0.8128	ch.2947
0.0693	0.9942	0.9935	0.9176	0.0090	0.9937	0.0330	0.5058	ch.2962
0.0096	0.8912	0.6793	0.1047	0.8671	0.0008	0.1542	0.3141	ch.298
0.0017	0.8954	0.1671	0.3443	0.2235	0.4195	0.4355	0.3804	ch.3067
0.1473	0.9967	0.9929	0.9927	0.5692	0.0606	0.0292	0.9856	ch.3068
0.0000	0.2144	0.7196	0.3734	0.9809	0.9223	0.2437	0.6221	ch.3070
0.0012	0.1564	0.5882	0.9953	0.0881	0.0033	0.0957	0.8756	ch.3082
0.1149	0.7778	0.2592	0.9965	0.9971	0.0083	0.0044	0.9918	ch.3087
0.0232	0.9921	0.9174	0.9916	0.0018	0.0168	0.9976	0.9998	ch.3092
0.1074	0.9997	0.9535	0.9736	0.0114	0.0086	0.0003	0.1871	ch.3125
0.0000	0.5713	0.6094	0.8173	0.1047	0.4146	0.0553	0.3280	ch.3149
0.7631	0.9988	0.9990	0.9883	0.8392	0.9993	0.9961	0.0329	ch.3180
0.4980	0.0019	0.9717	0.0004	0.0001	0.9869	0.9958	0.4665	ch.3185
0.0000	0.4218	0.3799	0.2352	0.3942	0.3702	0.2672	0.3644	ch.3225
0.0000	0.2812	0.0400	0.1617	0.0839	0.3711	0.9206	0.4101	ch.3234
0.0930	0.0169	0.4223	0.0294	0.9446	0.6774	0.0824	0.7172	ch.3235
0.0001	0.0581	0.5899	0.7623	0.6037	0.4616	0.1017	0.0871	ch.3236
0.0056	0.9683	0.9999	0.0006	0.9974	0.9955	0.0012	0.0403	ch.3248
0.0046	0.9967	0.9964	1.0000	0.7737	0.9937	0.9997	0.6212	ch.3287
0.0043	0.9997	0.9920	0.9884	0.7467	0.9912	0.9993	0.9727	ch.3288
0.0050	0.9984	0.9637	0.9997	0.9947	0.0024	0.0004	0.2790	ch.3338
0.0000	0.7475	0.4703	0.2605	0.7785	0.2412	0.5601	0.0094	ch.3367
0.0000	0.7675	0.9452	0.6424	0.7129	0.9812	0.0040	0.9247	ch.3370
0.0011	0.9038	0.8925	0.6673	0.4585	0.2676	0.4779	0.4950	ch.3414
0.0333	0.9950	0.9982	0.1531	0.1789	0.0267	0.9862	0.1449	ch.3438
0.1073	0.9987	0.9988	0.5889	0.9204	0.9832	0.0242	0.0063	ch.3571
0.2472	0.9945	0.9958	0.0103	0.8210	0.0030	0.9992	0.9990	ch.3632
0.0144	0.0050	0.4625	0.0231	0.8371	0.0147	0.0725	0.9973	ch.3633
0.0001	0.8379	0.5199	0.0566	0.1860	0.1884	0.8216	0.3702	ch.3635
0.0076	0.9989	0.9939	0.9951	0.9981	0.9995	0.0002	0.5384	ch.363
0.0910	0.0011	0.8873	0.9933	0.9989	0.0054	0.9959	0.0010	ch.3640
0.0480	0.7896	0.7056	0.0094	0.9855	0.9953	0.9945	0.2496	ch.3643
0.0016	0.9966	0.3651	0.9964	0.9944	0.0012	0.9975	0.7550	ch.3656
0.0058	0.9989	0.5589	0.9998	0.0022	0.0055	0.0009	0.7887	ch.3657
0.0006	0.9125	0.1105	0.3161	0.3146	0.1034	0.2791	0.4280	ch.370
0.0006	0.4355	0.7893	0.5498	0.2073	0.9983	0.3383	0.6898	ch.3710
0.3428	0.0048	0.9985	0.6545	0.0441	0.0047	0.0016	0.9975	ch.3728
0.0000	0.7013	0.7487	0.9566	0.1198	0.2412	0.6509	0.3937	ch.3748
0.1124	0.9880	0.0210	0.8114	0.0015	0.0010	0.1866	0.9864	ch.3755
0.0350	0.7122	0.2840	0.1846	0.1040	0.0389	0.0245	0.9180	ch.3782
0.3444	0.9994	0.9982	0.2297	0.9957	0.0038	0.9648	0.0029	ch.3816
0.2448	0.9996	0.9942	0.9967	0.0091	0.0027	0.9987	0.0165	ch.3817
0.0378	0.9866	0.0329	0.9250	0.8473	0.0533	0.0175	0.9329	ch.3822
0.1650	0.9985	0.0004	0.3693	0.0049	0.0077	0.9940	0.9878	ch.3824
0.0001	0.3527	0.2218	0.9576	0.2266	0.1436	0.1050	0.7740	ch.3829
0.1268	0.0005	0.4793	0.9741	0.0003	0.0425	0.8404	0.9986	ch.3831
0.0000	0.1126	0.8932	0.7319	0.5177	0.3291	0.0362	0.6981	ch.3881
0.0399	0.9994	0.3618	0.9977	0.9973	0.0041	0.0033	0.9750	ch.3913
0.0112	0.5468	0.8314	0.1794	0.2425	0.3810	0.0411	0.4874	ch.3973
0.8473	0.7727	0.0006	0.0017	0.4621	0.0291	0.9937	0.0347	ch.3978
0.1484	0.9968	0.0077	0.9886	0.4302	0.9991	0.0001	0.9982	ch.3979
0.1174	0.0075	0.1810	0.9987	0.8528	0.9933	0.0082	0.9998	ch.4009
0.1747	0.0050	0.0733	0.9997	0.9927	0.0057	0.0038	0.9987	ch.4034
0.1034	0.9968	0.9899	0.9792	0.0112	0.9955	0.9924	0.0167	ch.4072
0.0275	0.9965	0.5071	0.9977	0.0087	0.9940	0.1629	0.1569	ch.4082
0.0000	0.5202	0.0520	0.8989	0.2693	0.0465	0.1858	0.7513	ch.408
0.0000	0.3518	0.9437	0.6554	0.3754	0.7836	0.7707	0.6210	ch.409
0.0009	0.0024	0.8854	0.0015	0.7314	0.9937	0.0041	0.0022	ch.4103
0.1705	0.9994	0.9980	0.2936	0.9968	0.9995	0.9992	0.9837	ch.4109
0.6609	0.9997	0.0693	0.2740	0.0376	0.0020	0.0016	0.9981	ch.4119
0.0443	0.9808	0.9967	0.0058	0.0004	0.9952	0.9975	0.0033	ch.4126
0.9063	0.7146	0.0052	0.0034	0.1435	0.9974	0.0111	0.9860	ch.4134
0.0000	0.6392	0.5567	0.8576	0.2399	0.7553	0.6880	0.9582	ch.4184
0.2058	0.9968	0.7678	0.0018	0.0369	0.9864	0.9879	0.0192	ch.4206
0.0094	0.9996	0.5904	0.9976	0.9952	0.9981	0.0010	0.7051	ch.4207
0.1957	0.9994	0.9982	0.0004	0.9986	0.9941	0.9930	0.9700	ch.4214
0.0123	0.9795	0.8455	0.9996	0.5034	0.4456	0.9676	0.5353	ch.4227
0.0005	0.9283	0.0080	0.0020	0.7931	0.9535	0.7737	0.7151	ch.4232
0.0000	0.9377	0.7044	0.1843	0.5289	0.8750	0.4584	0.6363	ch.4263
0.1321	0.9994	0.0007	0.0060	0.9998	0.0066	0.9989	0.0184	ch.4277
0.0638	0.9967	0.8370	0.9984	0.9996	0.9933	0.9987	0.3040	ch.4286
0.1054	0.0071	0.9315	0.0088	0.2794	0.0001	0.6001	0.9862	ch.428
0.0000	0.2317	0.7740	0.0634	0.9820	0.2634	0.7756	0.4833	ch.4306
0.0000	0.7286	0.9910	0.9613	0.7470	0.1851	0.9045	0.7327	ch.4330
0.0346	0.9906	0.9996	0.9974	0.9887	0.9565	0.0037	0.7448	ch.4332
0.2190	0.9945	0.9948	0.9886	0.0074	0.7667	0.3624	0.0043	ch.4339
0.7913	0.9965	0.0001	0.8503	0.3696	0.0089	0.0004	0.9970	ch.4354
0.0505	0.9984	0.9725	0.0005	0.2755	0.8856	0.9749	0.1116	ch.4355
0.2996	0.9958	0.2140	0.0018	0.0027	0.0014	0.9969	0.7128	ch.4356
0.6730	0.3950	0.0127	0.0340	0.9320	0.2177	0.1394	0.0351	ch.4383
0.0002	0.0316	0.0005	0.9941	0.6571	0.2384	0.0052	0.8206	ch.4391
0.9151	0.9902	0.0005	0.0007	0.8768	0.9911	0.0005	0.9963	ch.4393
0.0009	0.5461	0.8217	0.9447	0.8946	0.9809	0.7215	0.6109	ch.4428
0.0510	0.9994	0.1649	0.9892	0.1511	0.0090	0.4826	0.9960	ch.4444
0.1563	0.0990	0.0065	0.6253	0.9994	0.2360	0.2830	0.8405	ch.445
0.0000	0.8618	0.6809	0.0501	0.6138	0.6974	0.3604	0.2388	ch.4471
0.0185	0.2876	0.9991	0.0055	0.9995	0.9947	0.0019	0.0012	ch.4475
0.0002	0.9998	0.8666	0.9998	0.9964	0.9993	0.0013	0.6279	ch.4476
0.0585	0.9902	0.9979	0.9953	0.6383	0.9964	0.0001	0.0036	ch.4477
0.0017	0.9248	0.6265	0.6661	0.9144	0.0581	0.0796	0.3837	ch.4479
0.0008	0.9751	0.9922	0.8672	0.8348	0.5700	0.2672	0.1395	ch.4481
0.0005	0.0021	0.9995	0.9994	0.9878	0.0153	0.0026	0.9993	ch.4487
0.0782	0.8072	0.9992	0.0041	0.9944	0.9975	0.0049	0.9496	ch.4524
0.0024	0.0120	0.9969	0.9907	0.9962	0.0075	0.0035	0.9787	ch.4556
0.0705	0.8509	0.0034	0.7120	0.4111	0.0003	0.0182	0.8384	ch.4560
0.1926	0.9905	0.9962	0.2931	0.3246	0.9812	0.9814	0.0017	ch.4567
0.1735	0.9929	0.9999	0.6387	0.9997	0.9965	0.4836	0.3453	ch.4644
0.0112	0.0022	0.2620	0.9971	0.9966	0.0013	0.0527	0.8517	ch.4655
0.0000	0.1783	0.9048	0.0163	0.4209	0.0778	0.0375	0.1611	ch.4660
0.0063	0.9992	0.9986	0.9999	0.9966	0.0165	0.2984	0.1095	ch.4665
0.0000	0.3556	0.8630	0.1541	0.7533	0.5204	0.6616	0.6047	ch.4671
0.5464	0.0124	0.0221	0.5963	0.9943	0.0075	0.0016	0.9984	ch.467
0.2712	0.9972	0.6293	0.0007	0.9237	0.9973	0.9958	0.0010	ch.4696
0.0000	0.5856	0.1628	0.4676	0.9934	0.4401	0.3926	0.5122	ch.4700
0.0570	0.9883	0.9911	0.0012	0.9977	0.0026	0.0004	0.0009	ch.4701
0.1512	0.0017	0.0706	0.9974	0.9987	0.0021	0.5960	0.9922	ch.4725
0.2086	0.9977	0.0127	0.9983	0.9862	0.0073	0.0035	0.9957	ch.473
1.2403	0.5499	0.2522	0.9989	0.0003	0.0064	0.0016	0.9889	ch.4745
0.0150	0.9260	0.6153	0.3110	0.2117	0.6219	0.9903	0.3704	ch.4757
0.3658	0.9976	0.9888	0.0044	0.0043	0.9976	0.9974	0.0279	ch.4774
0.2586	0.9985	0.9955	0.0006	0.0015	0.9968	0.9976	0.9850	ch.4775
0.0000	0.5227	0.7739	0.8480	0.3641	0.3567	0.3914	0.7365	ch.4795
0.0166	0.9952	0.4470	0.9943	0.1866	0.1202	0.0083	0.9890	ch.4807
0.0738	0.2474	0.9970	0.0004	0.9973	0.9949	0.0002	0.9851	ch.4824
0.3529	0.0499	0.0725	0.9874	0.9180	0.1902	0.0439	0.7545	ch.4851
0.0753	0.0061	0.9889	0.0033	0.9972	0.9995	0.0157	0.4074	ch.4878
0.1847	0.4708	0.2511	0.9945	0.9992	0.0089	0.0010	0.9992	ch.4900
0.0854	0.0021	0.9971	0.0037	0.0036	0.6374	0.9994	0.9950	ch.4912
0.6719	0.9993	0.4167	0.9999	0.7639	0.0024	0.0013	0.9987	ch.4927
0.1519	0.9933	0.3462	0.0066	0.9997	0.9986	0.0035	0.7422	ch.4979
0.6741	0.9994	0.9986	0.1642	0.0991	0.0104	0.9930	0.9008	ch.49
0.0000	0.8361	0.5274	0.7789	0.6132	0.8255	0.8730	0.8401	ch.5016
0.4437	0.0033	0.9886	0.0014	0.9875	0.9951	0.0015	0.0009	ch.5046
0.0048	0.9972	0.9860	0.9966	0.9994	0.9985	0.0111	0.4012	ch.5053
0.1041	0.9958	1.0000	0.2669	0.9893	0.9929	1.0000	0.0013	ch.5108
0.0001	0.9555	0.7883	0.8090	0.9944	0.4486	0.2200	0.0332	ch.5124
0.0091	0.9983	0.9970	0.9977	0.0018	0.0011	0.9992	0.0077	ch.5139
0.0949	0.9748	0.9760	0.9939	0.7511	0.9768	0.9976	0.9748	ch.5156
0.0962	0.9894	0.9936	0.9992	0.0115	0.0053	0.9998	0.7854	ch.5160
0.1212	0.0054	0.8391	0.9973	0.9998	0.9967	0.0034	0.0561	ch.5175
0.1911	0.9995	0.9956	0.0016	0.0095	0.9996	0.9988	0.0162	ch.5186
0.0000	0.1728	0.7207	0.7774	0.1711	0.0037	0.4001	0.5491	ch.5188
0.0467	0.9948	0.7901	0.9966	0.9966	0.0017	0.5197	0.9894	ch.518
0.0575	0.0051	0.0118	0.0391	0.5364	0.0032	0.0015	0.9978	ch.5200
0.1132	0.9990	0.9966	0.9967	0.1767	0.9987	0.9875	0.9820	ch.5206
0.0649	0.0026	0.9995	0.9921	0.9991	0.9948	0.9995	0.0005	ch.5318
0.1816	0.0033	0.2072	0.9962	0.0043	0.0357	0.9950	0.9495	ch.5321
0.0467	0.9966	0.9993	0.9427	0.7473	0.9946	0.9996	0.0018	ch.5331
0.1704	0.0068	0.0033	0.3483	0.9995	0.0066	0.0044	0.9962	ch.5346
0.0182	0.9952	0.9988	0.0004	0.9985	0.0027	0.9998	0.3035	ch.540
0.1596	0.9987	0.9969	0.0050	0.9982	0.9809	0.9961	0.9905	ch.5431
0.4445	0.5638	0.5035	0.0004	0.9994	0.0062	0.0035	0.9962	ch.5439
0.1216	0.9981	0.8414	0.9984	0.0010	0.0098	0.9949	0.9975	ch.5445
0.0013	0.3541	0.7023	0.8818	0.0194	0.0281	0.1649	0.4910	ch.5461
0.0000	0.9966	0.4548	0.0709	0.6727	0.8898	0.2518	0.1244	ch.5471
0.0088	0.9970	0.7149	0.9799	0.0013	0.1325	0.8106	0.3277	ch.5481
0.0001	0.0796	0.4804	0.9212	0.9006	0.0021	0.0015	0.9047	ch.5489
0.2742	0.9967	0.9972	0.0139	0.2499	0.0075	0.9938	0.9950	ch.5500
0.1826	0.9997	0.0055	0.9055	0.9993	0.9967	0.9971	0.9455	ch.5501
0.4424	0.8049	0.1186	0.9995	0.9992	0.0023	0.0079	0.9988	ch.5505
0.3227	0.9889	0.6544	0.9997	0.0046	0.9953	0.9981	0.0227	ch.5511
0.1978	0.5599	0.4190	0.9957	0.0096	0.2092	0.0155	0.8538	ch.5513
0.7280	0.0047	0.5804	0.9916	0.0002	0.9977	0.0040	0.9534	ch.5580
0.0095	0.9990	0.9898	0.9990	0.0041	0.9975	0.0001	0.6544	ch.5591
0.0000	0.7165	0.4580	0.5862	0.7416	0.3467	0.0320	0.2951	ch.5594
0.2328	0.9984	0.9949	0.8463	0.0827	0.0124	0.0021	0.0005	ch.5613
0.1311	0.9926	0.8845	0.9968	0.9986	0.0047	0.0009	0.1591	ch.5618
0.0014	0.5343	0.6343	0.9353	0.0154	0.1808	0.1193	0.3829	ch.5644
0.0065	0.9927	0.9975	0.0022	0.9952	0.9968	0.9935	0.9921	ch.5647
0.3891	0.8865	0.0162	0.9974	0.2809	0.0167	0.2960	0.9961	ch.565
0.0056	0.1753	0.2332	0.9749	0.3372	0.7603	0.9995	0.7291	ch.5667
0.0003	0.8315	0.5002	0.2897	0.4207	0.0295	0.5172	0.7109	ch.5684
0.0651	0.6426	0.9971	0.9939	0.9983	0.0075	0.0059	0.9915	ch.5705
0.0000	0.3990	0.7839	0.0843	0.1188	0.0000	0.6620	0.8582	ch.5719
0.1222	0.9963	0.9984	0.0027	0.9931	0.9861	0.9954	0.6973	ch.5721
0.0126	0.9987	0.9933	0.2248	0.9944	0.0253	0.8305	0.5776	ch.5773
0.0000	0.7398	0.7809	0.7030	0.3049	0.6473	0.8714	0.5390	ch.5826
0.0004	0.0667	0.7700	0.5387	0.2768	0.4096	0.7044	0.2518	ch.5829
0.1546	0.9928	0.0160	0.2339	0.0507	0.9972	0.0034	0.9949	ch.5858
0.6898	0.9983	0.9999	0.0012	0.9345	0.9939	0.9976	0.0733	ch.5863
0.0037	0.9982	0.2590	0.9990	0.0002	0.0012	0.9982	0.7118	ch.5886
0.0037	0.9991	0.0549	0.9990	0.0016	0.0056	0.9982	0.8393	ch.5888
0.0004	0.5120	0.7967	0.3072	0.6707	0.3018	0.2812	0.4738	ch.5924
0.0084	0.9993	0.0231	0.0030	0.9900	0.0016	0.9985	0.4679	ch.5936
1.1741	0.0098	0.0093	0.9971	0.6351	0.0033	0.0004	0.9981	ch.5937
0.1890	0.0045	0.4267	0.9999	0.5311	0.0904	0.0258	0.9899	ch.593
0.0975	0.2946	0.9956	0.9928	0.8773	0.0626	0.2185	0.9966	ch.5954
0.0796	0.9983	0.6439	0.0053	0.9992	0.0028	0.0047	0.3081	ch.5955
0.1444	0.9967	0.9990	0.8300	0.4396	0.9962	0.2334	0.9988	ch.595
0.0150	0.9990	0.8318	0.9516	0.8054	0.5106	0.2662	0.3665	ch.5964
0.0134	0.9973	0.4214	0.9996	0.9997	0.9991	0.0041	0.0079	ch.6000
0.0002	0.2066	0.9571	0.4300	0.8502	0.1302	0.7828	0.1742	ch.6002
0.0003	0.9872	0.1782	0.9220	0.0243	0.5987	0.9477	0.1766	ch.6008
0.0000	0.1468	0.9833	0.9999	0.1965	0.0253	0.0516	0.7803	ch.6009
0.0002	0.9996	0.7589	0.9964	0.9888	0.9945	0.0034	0.6279	ch.6017
0.0039	0.9915	0.4228	0.0032	0.9964	0.9974	0.9867	0.9018	ch.6059
0.4497	0.0473	0.2725	0.3738	0.9364	0.0613	0.2095	0.3427	ch.6076
0.0121	0.9983	0.9982	0.7891	0.0086	0.2446	0.9899	0.4860	ch.6082
0.0126	0.9943	0.1147	0.5789	0.0100	0.0339	0.5650	0.6357	ch.6090
0.0153	0.3235	0.9969	0.9981	0.9973	0.0020	0.9985	0.9975	ch.6112
0.0001	0.9845	0.9998	0.0026	0.9963	0.9957	0.0032	0.4928	ch.6114
0.0925	0.9974	0.9962	0.9964	0.0065	0.9948	0.9995	0.0061	ch.6144
0.0017	0.9945	0.9853	0.9989	0.9968	0.0050	0.9989	0.4145	ch.6178
0.0194	0.9866	0.6664	0.9996	0.3417	0.6177	0.1263	0.9721	ch.6187
0.0476	0.9991	0.9944	0.9990	0.0012	1.0000	0.0029	0.0820	ch.618
0.0020	0.9982	0.9965	0.9984	0.9557	0.5735	0.3915	0.1189	ch.619
0.2102	0.2277	0.2945	0.9143	0.9961	0.0023	0.0078	0.9997	ch.61
0.0522	0.9996	0.9954	0.9922	0.2623	0.9914	0.0038	0.2474	ch.620
0.0000	0.8933	0.3321	0.8477	0.4268	0.9522	0.6457	0.7816	ch.6233
0.0900	0.0048	0.2920	0.0042	0.9872	0.0038	0.9962	0.5866	ch.6238
0.0077	0.9975	0.5522	0.9979	0.9998	0.9956	0.0004	0.0835	ch.6239
0.0571	0.9966	0.9940	0.0008	0.8454	0.0356	0.9967	0.4069	ch.6240
0.0000	0.1688	0.6163	0.7385	0.1520	0.4379	0.8489	0.1625	ch.6242
0.0006	0.0314	0.8669	0.9206	0.4357	0.8102	0.2788	0.5354	ch.6249
0.1578	0.9982	0.9897	0.9893	0.9940	0.7108	0.0037	0.9965	ch.6278
0.0003	0.9973	0.9987	0.9972	0.0017	0.0032	0.9993	0.0910	ch.6294
0.2651	0.9940	0.4649	0.3247	0.9873	0.9999	0.8942	0.0014	ch.6305
0.0622	0.9975	0.4127	0.9949	0.9981	0.9955	0.0062	0.6912	ch.6323
0.0074	0.9983	0.2565	0.0014	0.9979	0.9990	0.9978	0.8581	ch.6343
0.0082	0.9999	0.0274	0.0027	0.0023	0.9981	0.0062	0.6348	ch.6344
0.0094	0.9981	0.6268	0.0044	0.0048	0.9966	0.9903	0.2065	ch.6347
0.1844	0.9977	0.9918	0.0017	0.4329	0.0018	0.5266	0.9984	ch.6382
0.1761	0.9997	0.9976	0.9967	0.9967	0.0012	0.0055	0.0108	ch.6396
0.0215	0.9967	0.2793	0.9974	0.9971	0.9975	0.0033	0.4462	ch.6428
0.1602	0.0004	0.0068	0.9983	0.9997	0.0054	0.0022	0.9920	ch.6430
0.2903	0.6585	0.0276	0.0980	0.6266	0.8714	0.7559	0.0222	ch.6441
0.7520	0.0761	0.0002	0.9989	0.9956	0.0135	0.0018	0.9993	ch.6451
0.0096	0.0003	0.8112	0.1032	0.0083	0.0039	0.0059	0.9962	ch.6453
0.0697	0.9999	0.9375	0.9984	0.9917	0.9973	0.9987	0.3490	ch.6472
1.1727	0.8428	0.9947	0.6392	0.0011	0.0123	0.0013	0.9969	ch.6483
0.4930	0.1905	0.3328	0.9909	0.0007	0.0098	0.0144	0.9836	ch.6485
0.1824	0.9871	0.9965	0.0012	0.9937	0.0028	0.9986	0.9967	ch.649
0.0055	0.9412	0.2423	0.9933	0.5894	0.4352	0.1334	0.6377	ch.6520
0.0102	0.9995	0.7835	0.6673	0.9988	0.9982	0.9994	0.4915	ch.6528
0.0147	0.3522	0.0922	0.0018	0.7623	0.0320	0.0116	0.9974	ch.6560
0.2736	0.9995	0.0397	0.1096	0.9968	0.0002	0.0126	0.9929	ch.6598
0.2738	0.0014	0.0031	0.9984	0.9945	0.0112	0.0542	0.9828	ch.6611
0.0083	0.9996	0.4619	0.9981	0.9977	0.0119	0.0030	0.8694	ch.6612
0.9357	0.0630	0.2835	0.9989	0.2472	0.0051	0.9994	0.9981	ch.6632
0.0785	0.9969	0.8520	0.0043	0.9970	0.0056	0.9990	0.0103	ch.664
0.0000	0.9414	0.0854	0.8563	0.0449	0.8368	0.1315	0.2537	ch.6707
0.6309	0.9956	0.9998	0.9703	0.0026	0.9978	0.0038	0.6141	ch.6739
0.0000	0.9906	0.1821	0.5020	0.8798	0.3397	0.5131	0.5212	ch.6744
0.0000	0.9987	0.5316	0.9085	0.9989	0.9964	0.9986	0.4562	ch.6749
0.4132	0.9985	0.9993	0.0003	0.0017	0.0086	0.9935	0.8125	ch.6757
0.1198	0.0079	0.1340	0.0021	0.9825	0.0050	0.0719	0.9999	ch.6768
0.0601	0.0025	0.2934	0.9973	0.6515	0.0116	0.0147	0.9970	ch.6771
0.0007	0.7725	0.6429	0.8768	0.3885	0.3881	0.2834	0.0042	ch.6775
0.3013	0.9417	0.0565	0.5464	0.8264	0.7524	0.1350	0.3597	ch.6804
1.4964	0.0015	0.1175	0.9905	0.6653	0.0129	0.0016	0.9900	ch.6818
0.0011	0.9967	0.7047	0.9923	0.9961	0.9957	0.0073	0.9335	ch.6870
0.0912	0.9980	0.5938	0.0466	0.9979	0.0141	0.9990	0.9986	ch.6973
0.0001	0.7899	0.8274	0.7347	0.0553	0.7319	0.7160	0.7300	ch.6996
0.0047	0.0353	0.3788	0.1990	0.9699	0.0250	0.0141	0.5384	ch.7003
0.0000	0.1101	0.6577	0.0839	0.8515	0.9609	0.9169	0.5648	ch.700
0.1224	0.9946	0.6890	0.0067	0.9991	0.0035	0.0070	0.9902	ch.702
0.0568	0.9933	0.9980	0.9982	0.9981	0.9919	0.0009	0.0309	ch.7033
0.0004	0.0500	0.1712	0.7295	0.2286	0.9474	0.6630	0.6783	ch.7051
0.0495	0.9968	0.9989	0.9979	0.9990	0.0146	0.9914	0.0048	ch.7098
0.0038	0.9962	0.4927	0.2789	0.1819	0.9990	0.9986	0.0031	ch.7126
0.6321	0.2457	1.0000	0.6788	0.7661	0.0083	0.0002	0.9917	ch.7139
0.1999	0.9990	0.4196	0.8838	0.0042	0.0056	0.9968	0.4606	ch.7157
0.0210	0.9996	0.0190	1.0000	0.9994	0.9771	0.9936	0.2578	ch.7170
0.8261	0.5603	0.1007	0.9931	0.5994	0.9602	0.2868	0.6387	ch.7172
0.0797	0.9994	0.0031	0.9950	0.4030	0.0017	0.9990	0.8809	ch.7184
0.0471	0.9876	0.8506	0.9987	0.0176	0.0050	0.8257	0.9797	ch.7204
0.0619	0.9941	0.1766	0.9976	0.3902	0.0110	0.3399	0.9957	ch.7206
0.7906	0.9962	0.8012	0.9982	0.0085	0.0041	0.0123	0.9993	ch.7207
0.1070	0.9982	0.4458	0.0020	0.9981	0.9915	0.9971	0.9976	ch.7248
0.0806	1.0000	0.6592	0.0003	0.0975	0.0084	0.0210	0.9994	ch.7249
0.1092	0.9996	0.9981	0.9979	0.8945	0.0034	0.9982	0.0311	ch.7292
0.2742	0.9979	0.9964	0.0001	0.9981	0.9971	0.8269	0.0056	ch.7301
0.1421	0.9997	0.9996	0.9997	0.9989	0.9628	0.0018	0.9991	ch.7309
0.7333	0.3183	0.6114	0.9469	0.9902	0.0662	0.3472	0.3457	ch.7325
0.1667	0.0013	0.3031	0.9961	0.9982	0.0039	0.0161	0.9878	ch.7337
0.0791	0.9925	0.3850	0.9968	0.9956	0.0069	0.9922	0.1571	ch.734
0.0869	0.9959	0.9968	0.2785	0.9964	0.0477	0.9987	0.0003	ch.7370
0.0154	0.7679	0.7915	0.9879	0.0099	0.0281	0.1801	0.9971	ch.7375
0.0150	0.9926	0.9997	0.9993	0.9964	0.9695	0.0005	0.8955	ch.7376
0.3887	0.9952	0.4202	0.0005	0.0012	0.0025	0.0075	0.9816	ch.7381
1.7563	0.0002	0.4679	0.4620	0.4264	0.9982	0.0023	0.9920	ch.7403
0.2697	0.1364	0.0028	0.9968	0.9940	0.0029	0.0010	0.9942	ch.7459
0.0160	0.9944	0.9989	0.8292	0.9873	0.9935	0.0079	0.3746	ch.7464
0.0004	0.8548	0.8879	0.8380	0.8934	0.9603	0.8427	0.9635	ch.7492
0.0507	0.9971	0.9992	0.7780	0.9963	0.9918	0.9981	0.0055	ch.7494
0.0429	0.9983	0.9998	0.9974	0.2387	0.0050	0.0058	0.1327	ch.749
0.0054	0.9950	0.9977	0.0002	0.9860	0.9999	0.9935	0.0215	ch.750
0.6759	0.0098	0.9226	0.8969	0.9974	0.0053	0.7484	0.9919	ch.7541
0.1716	0.9919	0.8485	0.5860	0.4451	0.9928	0.9947	0.9874	ch.7554
0.2329	0.9998	0.9980	0.0026	0.0037	0.0075	0.9942	0.0018	ch.7597
0.0149	0.9996	0.9996	0.0007	0.9919	0.9985	0.0006	0.7196	ch.7598
0.0616	0.9991	0.0077	0.8037	0.9977	0.9874	0.0109	0.9996	ch.7631
0.0466	0.7727	0.0516	0.9579	0.5566	0.0149	0.0004	0.9996	ch.7672
0.1380	0.9933	0.6466	0.9936	0.0053	0.9994	0.9965	0.0046	ch.7718
0.0000	0.5442	0.7225	0.6555	0.3777	0.4456	0.9387	0.7956	ch.7725
0.0000	0.2118	0.7554	0.4125	0.2371	0.2483	0.7825	0.8173	ch.7730
0.3400	0.9977	0.8894	0.9995	0.9967	0.9978	0.1640	0.0027	ch.7739
0.0001	0.7633	0.1441	0.8925	0.3826	0.1615	0.9683	0.7251	ch.7746
0.0844	0.9943	0.8345	0.0028	0.0012	0.3436	0.9993	0.0003	ch.7764
0.9487	0.9939	0.1668	0.2084	0.9819	0.9542	0.9741	0.3582	ch.7784
0.0316	0.9210	0.5421	0.9833	0.0009	0.0173	0.9443	0.9256	ch.7785
0.0822	0.9976	0.0031	0.9960	0.0673	0.9992	0.9814	0.9939	ch.779
0.1302	0.9975	0.9884	0.9962	0.9994	0.0017	0.0031	0.5195	ch.7816
0.2944	0.9989	0.9987	0.9953	0.9989	0.8401	0.0015	0.7311	ch.7817
0.3677	0.0054	0.9831	0.9974	0.0122	0.0051	0.9996	0.4464	ch.7822
0.9900	0.9840	0.9989	0.9953	0.0023	0.0032	0.9999	0.0011	ch.7823
0.1638	1.0000	0.9984	0.7058	0.9939	0.4617	0.0165	0.0588	ch.7824
0.0784	0.0024	0.8612	0.0454	0.8290	0.0047	0.9840	0.9949	ch.7828
1.0360	0.9883	0.9881	0.9948	0.0030	0.0071	0.0211	0.9910	ch.7949
0.3437	0.8299	0.5728	0.9973	0.0028	0.0068	0.0009	0.9973	ch.7952
0.0147	0.9899	0.7471	0.7643	0.0013	0.9989	0.9967	0.8470	ch.7954
0.0264	0.9953	0.9972	0.2983	0.9976	0.9988	0.9962	0.0051	ch.7955
0.0065	0.9654	0.7675	0.0319	0.9419	0.2643	0.8907	0.1726	ch.7964
0.0002	0.7717	0.0537	0.6376	0.2355	0.6040	0.9799	0.8534	ch.7974
0.0000	0.6618	0.1734	0.7017	0.0318	0.9697	0.6977	0.2864	ch.7979
0.2922	0.7905	0.2293	0.9853	0.9986	0.0019	0.0019	0.9948	ch.8030
0.7251	0.9991	0.9948	0.0053	0.0059	0.0043	0.4366	0.9760	ch.8037
0.1618	0.0036	0.9930	0.0022	0.9974	0.0093	0.0816	0.9985	ch.8067
0.0004	0.4649	0.9987	0.0082	0.0050	0.0044	0.9955	0.7555	ch.8073
0.2511	0.0081	0.1867	0.9980	0.0046	0.9999	0.9122	0.9878	ch.8085
0.0003	0.3231	0.9970	0.0047	0.9970	0.9941	0.9993	0.2312	ch.8089
0.7815	0.9994	0.4672	0.9951	0.0136	0.9933	0.9923	0.8435	ch.8096
0.7766	0.9990	0.9150	0.9962	0.0003	0.9997	0.9913	0.3749	ch.8100
0.1584	0.9937	0.9950	0.9989	0.9993	0.9966	0.9106	0.9958	ch.8111
0.5364	0.9969	0.9953	0.0021	0.0007	0.9994	0.9966	0.0071	ch.8112
0.6636	0.2295	0.8089	0.9899	0.9943	0.0173	0.0057	0.9973	ch.8122
0.1198	0.9991	0.9998	0.9984	0.0040	0.9983	0.9977	0.2921	ch.8128
0.0001	0.0459	0.1056	0.5761	0.6998	0.2231	0.4009	0.6311	ch.8133
0.1589	0.9963	0.9995	0.0023	0.9897	0.9897	0.9985	0.0209	ch.8150
0.0000	0.2199	0.1178	0.7140	0.3423	0.3131	0.9381	0.9793	ch.8160
0.0381	0.9967	0.3604	0.0021	0.0023	0.0181	1.0000	0.9760	ch.8173
0.3514	0.9903	0.4883	0.0962	0.0048	0.9881	0.2193	0.0094	ch.8191
0.1257	0.9984	0.9900	0.0477	0.9902	0.9280	0.9991	0.0013	ch.8194
0.0788	0.9979	0.9898	0.9985	0.9922	0.9994	0.0002	0.4741	ch.8209
0.2375	0.0106	0.2208	0.8577	0.4822	0.4756	0.7220	0.9556	ch.8243
0.1005	0.9912	0.0910	0.9994	0.9912	0.0051	0.0053	0.9975	ch.8275
0.0000	0.2867	0.6506	0.8878	0.1135	0.1656	0.9220	0.1051	ch.8277
0.1672	0.9981	0.9954	0.6251	0.9905	0.9932	0.0048	0.8287	ch.8278
0.0040	0.0145	0.3482	0.9006	0.0970	0.5881	0.1305	0.5744	ch.8309
0.0922	0.0178	0.9995	0.0000	0.9989	0.9949	0.0012	0.0034	ch.8310
0.0105	0.1190	0.0269	0.1721	0.9958	0.0342	0.0062	0.8508	ch.8322
0.0111	0.9967	0.1712	0.9994	0.9984	0.9919	0.0018	0.1028	ch.8339
0.2782	0.9978	0.0060	0.9792	0.0046	0.9989	0.9927	0.9951	ch.8342
0.0087	0.0062	0.0024	0.0032	0.9940	0.0061	0.0112	0.9933	ch.8349
0.0663	0.9968	0.9975	0.9940	0.0026	0.0010	0.9912	0.0015	ch.8352
0.3816	0.9997	0.1824	0.0144	0.1882	0.7219	0.9950	0.8507	ch.8359
0.1784	0.9989	0.1332	0.9935	0.0032	0.1529	0.6485	0.9459	ch.8364
0.0367	0.0855	0.1766	0.9972	0.9998	0.0062	0.1669	0.8683	ch.8385
0.3238	0.9968	0.9994	0.9956	0.0028	0.0010	0.9939	0.0931	ch.8433
1.0508	0.9915	0.9977	0.9990	0.6162	0.9947	0.9970	0.9952	ch.8440
0.0803	0.9980	0.9968	0.9842	0.8661	0.9935	0.9873	0.0138	ch.8463
0.1353	0.4934	0.0042	0.9989	0.5965	0.0132	0.0031	0.9816	ch.8474
0.0000	0.9412	0.2188	0.4364	0.0422	0.1670	0.2673	0.3810	ch.8476
0.0000	0.0953	0.8041	0.1041	0.7472	0.2728	0.2370	0.4576	ch.8482
0.0028	0.9944	0.0452	0.0002	0.9962	0.0002	0.9986	0.1582	ch.8483
0.0914	0.9982	0.3077	0.9910	0.0067	0.0219	0.0031	0.9855	ch.848
0.0214	0.4387	0.0045	1.0000	0.0011	0.0008	0.9972	0.9936	ch.8524
0.0076	0.5535	0.8139	0.4295	0.6166	0.3671	0.2944	0.5985	ch.8525
0.1560	0.9981	0.9971	0.0003	0.9897	0.0049	0.0001	0.0139	ch.8530
0.1101	0.3805	0.7384	0.9981	0.6885	0.0101	0.6215	0.9911	ch.8535
0.1870	0.9876	0.4314	0.9999	0.0745	0.0024	0.0040	0.9978	ch.8564
0.0311	0.9988	0.0909	0.0917	0.2542	0.9526	0.8769	0.1004	ch.857
0.0499	0.9972	0.4997	0.0019	0.9944	0.9980	0.9989	0.6272	ch.8594
0.0021	0.7149	0.2811	0.7826	0.8876	0.8349	0.6248	0.2702	ch.8620
0.0864	0.3420	0.9980	0.0059	0.9954	0.0187	0.9993	0.5703	ch.862
0.0095	0.9984	0.9406	0.0010	0.9913	0.9970	0.9998	0.0018	ch.8634
0.0700	0.9942	0.9831	0.9995	0.9988	0.0080	0.9901	0.9771	ch.8683
0.0000	0.3753	0.9881	0.0208	0.9624	0.7697	0.1511	0.4782	ch.8695
0.0000	0.1554	0.9624	0.3083	0.9864	0.1566	0.8853	0.6410	ch.8710
0.1083	0.9850	0.9952	0.0014	0.0167	0.9978	0.9918	0.9870	ch.8719
0.1356	0.0747	0.9875	0.0194	0.9561	0.0073	0.0202	0.8610	ch.8729
0.0000	0.0538	0.1761	0.8619	0.6990	0.3203	0.2346	0.7517	ch.8764
0.0815	0.9627	0.9966	0.0200	0.0014	0.0088	0.9961	0.0155	ch.8786
0.0437	0.9862	0.7139	0.9959	0.4585	0.0411	0.0055	0.6264	ch.8790
0.1102	0.9957	0.9992	0.9881	0.4578	0.9977	0.9445	0.9980	ch.8791
0.0092	0.9960	0.0313	0.9994	0.0000	0.9996	0.0009	0.7524	ch.8806
0.0000	0.3292	0.7435	0.6961	0.9389	0.0373	0.1839	0.3259	ch.8825
0.0013	0.0059	0.8693	0.9986	0.9932	0.9933	0.9995	0.0549	ch.8827
0.0361	0.9984	0.9945	0.8418	0.9972	0.0012	0.0017	0.9942	ch.8829
0.0000	0.7241	0.5174	0.9742	0.9992	0.0278	0.3687	0.2971	ch.8870
0.0018	0.6270	0.6198	0.2576	0.5363	0.5088	0.1022	0.0656	ch.8891
0.1105	0.9994	0.9874	0.9906	0.4014	0.9969	0.9961	0.9889	ch.8895
0.0967	0.9998	0.3866	0.9995	0.0039	0.9986	0.9934	0.5786	ch.8909
0.3233	0.5538	0.9978	0.0035	0.9973	0.9993	0.9979	0.0033	ch.8938
0.0011	0.7108	0.2671	0.0278	0.5198	0.5722	0.4357	0.0685	ch.8952
0.0000	0.3491	0.6877	0.6275	0.8640	0.2368	0.2957	0.6014	ch.8966
0.4281	0.7482	0.9936	0.0198	0.9918	0.9999	0.0006	0.9882	ch.8970
0.0074	0.9309	0.7907	0.9727	0.0255	0.9993	0.0359	0.8843	ch.9018
0.0000	0.7270	0.1452	0.6567	0.9049	0.5468	0.0949	0.6169	ch.9032
0.4295	0.8615	0.9864	0.0057	0.8726	0.7906	0.0201	0.1520	ch.9067
0.4315	0.9976	0.9923	0.6989	0.8387	0.9992	0.9937	0.8609	ch.9086
0.1270	0.9995	0.9954	0.0006	0.9891	0.9991	0.4698	0.0013	ch.9091
0.2178	0.9971	0.6998	0.0106	0.9982	0.9954	0.9975	0.0054	ch.9153
0.7017	0.9900	0.4012	0.0023	0.1638	0.9971	0.0009	0.0048	ch.9164
0.0000	0.9790	0.1483	0.0108	0.9955	0.6281	0.8960	0.3646	ch.9183
0.1636	0.9993	0.4872	0.9853	0.5539	0.0103	0.0010	0.9948	ch.9194
0.0555	0.0079	0.4015	0.8220	0.9381	0.4746	0.0040	0.9774	ch.9254
0.0595	0.9998	0.9842	0.0025	0.9953	0.9963	0.9946	0.0042	ch.9299
0.0229	0.9975	0.8549	0.0897	0.1909	0.9661	0.8115	0.7232	ch.9306
0.3674	0.0006	0.3056	0.9986	0.9985	0.0053	0.0156	0.9939	ch.933
0.0147	0.9976	0.4515	0.8489	0.1216	0.0490	0.9991	0.7685	ch.9356
0.1428	0.9994	0.9964	0.8323	0.9998	0.9979	0.9794	0.9981	ch.9395
0.0656	0.9990	0.9919	0.6868	0.2032	0.5475	0.3756	0.3015	ch.939
0.0075	0.9974	0.4568	0.9988	0.9995	0.0077	0.9966	0.1121	ch.9434
0.0149	0.9970	0.0184	0.9992	0.9970	0.0088	0.0097	0.9970	ch.9481
0.0000	0.2803	0.8941	0.5239	0.3920	0.9871	0.5833	0.0357	ch.9501
0.0985	0.9984	0.9980	0.0074	0.9725	0.9574	0.9921	0.0559	ch.9513
0.0910	0.3344	0.0028	0.0153	0.9998	0.0034	0.0006	0.9981	ch.9518
0.0042	0.9941	0.9903	0.0037	0.9983	0.9993	1.0000	0.8603	ch.9564
0.0001	0.6475	0.2461	0.9462	0.0836	0.4866	0.6918	0.4670	ch.9566
0.8421	0.7589	0.4285	0.9985	0.9860	0.0037	0.0039	0.9895	ch.9612
0.0001	0.9950	0.0765	0.9983	0.9992	0.9913	0.0052	0.3744	ch.9613
0.0014	0.6113	0.3210	0.9310	0.8431	0.6063	0.6787	0.7721	ch.9621
0.0038	0.0035	0.4980	0.3035	0.9996	0.0003	0.0013	0.9951	ch.9629
0.0043	0.3199	0.1804	0.0361	0.9284	0.1248	0.0024	0.7563	ch.9632
0.0000	0.5682	0.1860	0.6276	0.2203	0.0395	0.5608	0.6640	ch.9652
0.1655	0.9980	0.7724	0.9998	0.7801	0.0254	0.9941	0.9819	ch.9675
0.0000	0.2204	0.7013	0.6056	0.5820	0.2785	0.4194	0.3859	ch.9692
0.0045	0.2625	0.9896	0.9997	0.0006	0.0078	0.9950	0.2738	ch.9711
0.0000	0.1682	0.4151	0.1348	0.7404	0.4409	0.4085	0.0072	ch.9726
0.0011	0.4288	0.0425	0.7135	0.9760	0.8082	0.2327	0.7973	ch.9727
0.9971	0.0026	0.1703	0.0026	0.9915	0.9997	0.3780	0.3496	ch.9735
0.0634	0.6173	0.6233	0.9995	0.9990	0.0019	0.0001	0.9981	ch.9778
0.0000	0.2880	0.1120	0.0525	0.4441	0.4897	0.5377	0.8102	ch.9809
0.3784	0.9931	0.9946	0.0006	0.0175	0.9975	0.9962	0.0090	ch.9823
0.1453	0.9992	0.0007	0.9976	0.0006	0.0015	0.2443	0.9952	ch.9824
0.1932	0.9977	0.9968	0.9965	0.9944	0.9963	0.0005	0.0078	ch.9825
0.0000	0.2137	0.5352	0.3511	0.1034	0.5414	0.5993	0.5748	ch.9831
0.0000	0.0451	0.5590	0.3992	0.1246	0.7861	0.1446	0.0835	ch.9832
0.0000	0.1988	0.5369	0.7109	0.4893	0.1238	0.1385	0.6840	ch.9833
0.0024	0.9932	0.9771	0.9988	0.9864	0.2018	0.0792	0.5716	ch.9835
0.1837	0.1619	0.6430	0.9858	0.9891	0.0066	0.0003	0.9957	ch.9846
1.2692	0.0014	0.4015	0.2910	0.9926	0.0013	0.0027	0.9985	ch.9862
0.0493	0.0002	0.9976	0.9965	0.0001	0.0093	0.0020	0.9868	ch.9870
0.2494	0.0138	0.5303	0.9979	0.0175	0.0012	0.0042	0.9949	ch.9894
0.0076	0.0392	0.9986	0.9914	0.0008	0.0049	0.9985	0.1828	ch.9902
0.2348	0.9998	0.9983	0.0056	0.0129	0.0070	0.9968	0.6126	ch.9903
0.0124	0.9999	0.9994	0.9967	0.9848	0.0025	0.3746	0.9977	ch.9921
1.2382	0.9953	0.0024	0.9931	0.5542	0.0048	0.0013	0.9940	ch.9929
0.0872	0.0023	0.0010	0.0011	0.9997	0.0022	0.0001	0.9943	ch.9940
0.5111	0.5148	0.0493	0.8040	0.8915	0.6329	0.1780	0.6435	ch.995
